,transcript,filtered_common_ground,cosine_similarity,true_common_ground
0,green twenty,green = 20,tensor([[0.5026]]),<m> green = 20 </m>
1,green twenty,green != 20,tensor([[0.0482]]),<m> green = 20 </m>
2,green twenty,green < 20,tensor([[0.0643]]),<m> green = 20 </m>
3,green twenty,green > 20,tensor([[0.0464]]),<m> green = 20 </m>
4,twenty purple block 's thirty,purple = 20,tensor([[0.7897]]),<m> purple = 30 </m>
5,twenty purple block 's thirty,purple = 30,tensor([[0.7651]]),<m> purple = 30 </m>
6,twenty purple block 's thirty,purple != 20,tensor([[0.2706]]),<m> purple = 30 </m>
7,twenty purple block 's thirty,purple != 30,tensor([[0.2577]]),<m> purple = 30 </m>
8,twenty purple block 's thirty,purple < 20,tensor([[0.1909]]),<m> purple = 30 </m>
9,twenty purple block 's thirty,purple < 30,tensor([[0.1780]]),<m> purple = 30 </m>
10,twenty purple block 's thirty,purple > 20,tensor([[0.1949]]),<m> purple = 30 </m>
11,twenty purple block 's thirty,purple > 30,tensor([[0.1863]]),<m> purple = 30 </m>
12,twenty purple block 's thirty,"blue = 10, purple = 20, red = 10",tensor([[0.0698]]),<m> purple = 30 </m>
13,twenty purple block 's thirty,"blue = 10, purple = 30, red = 10",tensor([[0.0719]]),<m> purple = 30 </m>
14,twenty purple block 's thirty,"blue = 20, purple = 10, red = 10",tensor([[0.0652]]),<m> purple = 30 </m>
15,twenty purple block 's thirty,"blue = 20, purple = 20, red = 10",tensor([[0.0753]]),<m> purple = 30 </m>
16,twenty purple block 's thirty,"blue = 20, purple = 30, red = 10",tensor([[0.0710]]),<m> purple = 30 </m>
17,twenty purple block 's thirty,"blue = 20, purple = 40, red = 10",tensor([[0.0667]]),<m> purple = 30 </m>
18,twenty purple block 's thirty,"blue = 20, purple = 50, red = 10",tensor([[0.0732]]),<m> purple = 30 </m>
19,twenty purple block 's thirty,"blue = 30, purple = 10, red = 10",tensor([[0.0643]]),<m> purple = 30 </m>
20,twenty purple block 's thirty,"blue = 30, purple = 20, red = 10",tensor([[0.0763]]),<m> purple = 30 </m>
21,twenty purple block 's thirty,"blue = 30, purple = 30, red = 10",tensor([[0.1163]]),<m> purple = 30 </m>
22,twenty purple block 's thirty,"blue = 30, purple = 40, red = 10",tensor([[0.0614]]),<m> purple = 30 </m>
23,twenty purple block 's thirty,"blue = 30, purple = 50, red = 10",tensor([[0.0785]]),<m> purple = 30 </m>
24,twenty purple block 's thirty,"blue = 40, purple = 20, red = 10",tensor([[0.0688]]),<m> purple = 30 </m>
25,twenty purple block 's thirty,"blue = 40, purple = 30, red = 10",tensor([[0.0705]]),<m> purple = 30 </m>
26,twenty purple block 's thirty,"blue = 50, purple = 20, red = 10",tensor([[0.0860]]),<m> purple = 30 </m>
27,twenty purple block 's thirty,"blue = 50, purple = 30, red = 10",tensor([[0.0844]]),<m> purple = 30 </m>
28,twenty purple block 's thirty,"green = 10, purple = 20, red = 10",tensor([[0.0652]]),<m> purple = 30 </m>
29,twenty purple block 's thirty,"green = 10, purple = 30, red = 10",tensor([[0.0709]]),<m> purple = 30 </m>
30,twenty purple block 's thirty,"green = 20, purple = 10, red = 10",tensor([[0.0649]]),<m> purple = 30 </m>
31,twenty purple block 's thirty,"green = 20, purple = 20, red = 10",tensor([[0.0843]]),<m> purple = 30 </m>
32,twenty purple block 's thirty,"green = 20, purple = 30, red = 10",tensor([[0.0689]]),<m> purple = 30 </m>
33,twenty purple block 's thirty,"green = 20, purple = 40, red = 10",tensor([[0.0706]]),<m> purple = 30 </m>
34,twenty purple block 's thirty,"green = 20, purple = 50, red = 10",tensor([[0.0754]]),<m> purple = 30 </m>
35,twenty purple block 's thirty,"green = 30, purple = 10, red = 10",tensor([[0.0580]]),<m> purple = 30 </m>
36,twenty purple block 's thirty,"green = 30, purple = 20, red = 10",tensor([[0.0877]]),<m> purple = 30 </m>
37,twenty purple block 's thirty,"green = 30, purple = 30, red = 10",tensor([[0.1507]]),<m> purple = 30 </m>
38,twenty purple block 's thirty,"green = 30, purple = 40, red = 10",tensor([[0.1036]]),<m> purple = 30 </m>
39,twenty purple block 's thirty,"green = 30, purple = 50, red = 10",tensor([[0.1249]]),<m> purple = 30 </m>
40,twenty purple block 's thirty,"green = 40, purple = 20, red = 10",tensor([[0.1034]]),<m> purple = 30 </m>
41,twenty purple block 's thirty,"green = 40, purple = 30, red = 10",tensor([[0.0719]]),<m> purple = 30 </m>
42,twenty purple block 's thirty,"green = 50, purple = 20, red = 10",tensor([[0.1504]]),<m> purple = 30 </m>
43,twenty purple block 's thirty,"green = 50, purple = 30, red = 10",tensor([[0.1394]]),<m> purple = 30 </m>
44,twenty purple block 's thirty,"purple = 10, red = 10, yellow = 20",tensor([[0.0714]]),<m> purple = 30 </m>
45,twenty purple block 's thirty,"purple = 10, red = 10, yellow = 30",tensor([[0.0758]]),<m> purple = 30 </m>
46,twenty purple block 's thirty,"purple = 20, red = 10, yellow = 10",tensor([[0.0681]]),<m> purple = 30 </m>
47,twenty purple block 's thirty,"purple = 20, red = 10, yellow = 20",tensor([[0.0681]]),<m> purple = 30 </m>
48,twenty purple block 's thirty,"purple = 20, red = 10, yellow = 30",tensor([[0.0804]]),<m> purple = 30 </m>
49,twenty purple block 's thirty,"purple = 20, red = 10, yellow = 40",tensor([[0.0769]]),<m> purple = 30 </m>
50,twenty purple block 's thirty,"purple = 20, red = 10, yellow = 50",tensor([[0.0770]]),<m> purple = 30 </m>
51,twenty purple block 's thirty,"purple = 30, red = 10, yellow = 10",tensor([[0.0679]]),<m> purple = 30 </m>
52,twenty purple block 's thirty,"purple = 30, red = 10, yellow = 20",tensor([[0.0724]]),<m> purple = 30 </m>
53,twenty purple block 's thirty,"purple = 30, red = 10, yellow = 30",tensor([[0.0963]]),<m> purple = 30 </m>
54,twenty purple block 's thirty,"purple = 30, red = 10, yellow = 40",tensor([[0.0716]]),<m> purple = 30 </m>
55,twenty purple block 's thirty,"purple = 30, red = 10, yellow = 50",tensor([[0.0892]]),<m> purple = 30 </m>
56,twenty purple block 's thirty,"purple = 40, red = 10, yellow = 20",tensor([[0.0617]]),<m> purple = 30 </m>
57,twenty purple block 's thirty,"purple = 40, red = 10, yellow = 30",tensor([[0.0767]]),<m> purple = 30 </m>
58,twenty purple block 's thirty,"purple = 50, red = 10, yellow = 20",tensor([[0.0652]]),<m> purple = 30 </m>
59,twenty purple block 's thirty,"purple = 50, red = 10, yellow = 30",tensor([[0.1033]]),<m> purple = 30 </m>
60,twenty purple block 's thirty,"blue = 10, purple = 10, red = 20",tensor([[0.0639]]),<m> purple = 30 </m>
61,twenty purple block 's thirty,"blue = 10, purple = 20, red = 20",tensor([[0.0633]]),<m> purple = 30 </m>
62,twenty purple block 's thirty,"blue = 10, purple = 30, red = 20",tensor([[0.0731]]),<m> purple = 30 </m>
63,twenty purple block 's thirty,"blue = 10, purple = 40, red = 20",tensor([[0.0573]]),<m> purple = 30 </m>
64,twenty purple block 's thirty,"blue = 10, purple = 50, red = 20",tensor([[0.0629]]),<m> purple = 30 </m>
65,twenty purple block 's thirty,"blue = 20, purple = 10, red = 20",tensor([[0.0670]]),<m> purple = 30 </m>
66,twenty purple block 's thirty,"blue = 20, purple = 20, red = 20",tensor([[0.0682]]),<m> purple = 30 </m>
67,twenty purple block 's thirty,"blue = 20, purple = 30, red = 20",tensor([[0.0740]]),<m> purple = 30 </m>
68,twenty purple block 's thirty,"blue = 20, purple = 40, red = 20",tensor([[0.0583]]),<m> purple = 30 </m>
69,twenty purple block 's thirty,"blue = 20, purple = 50, red = 20",tensor([[0.0662]]),<m> purple = 30 </m>
70,twenty purple block 's thirty,"blue = 30, purple = 10, red = 20",tensor([[0.0740]]),<m> purple = 30 </m>
71,twenty purple block 's thirty,"blue = 30, purple = 20, red = 20",tensor([[0.0707]]),<m> purple = 30 </m>
72,twenty purple block 's thirty,"blue = 30, purple = 30, red = 20",tensor([[0.0757]]),<m> purple = 30 </m>
73,twenty purple block 's thirty,"blue = 30, purple = 40, red = 20",tensor([[0.0696]]),<m> purple = 30 </m>
74,twenty purple block 's thirty,"blue = 30, purple = 50, red = 20",tensor([[0.0690]]),<m> purple = 30 </m>
75,twenty purple block 's thirty,"blue = 40, purple = 10, red = 20",tensor([[0.0616]]),<m> purple = 30 </m>
76,twenty purple block 's thirty,"blue = 40, purple = 20, red = 20",tensor([[0.0635]]),<m> purple = 30 </m>
77,twenty purple block 's thirty,"blue = 40, purple = 30, red = 20",tensor([[0.0705]]),<m> purple = 30 </m>
78,twenty purple block 's thirty,"blue = 40, purple = 40, red = 20",tensor([[0.0609]]),<m> purple = 30 </m>
79,twenty purple block 's thirty,"blue = 40, purple = 50, red = 20",tensor([[0.0570]]),<m> purple = 30 </m>
80,twenty purple block 's thirty,"blue = 50, purple = 10, red = 20",tensor([[0.0717]]),<m> purple = 30 </m>
81,twenty purple block 's thirty,"blue = 50, purple = 20, red = 20",tensor([[0.0708]]),<m> purple = 30 </m>
82,twenty purple block 's thirty,"blue = 50, purple = 30, red = 20",tensor([[0.0721]]),<m> purple = 30 </m>
83,twenty purple block 's thirty,"blue = 50, purple = 40, red = 20",tensor([[0.0555]]),<m> purple = 30 </m>
84,twenty purple block 's thirty,"blue = 50, purple = 50, red = 20",tensor([[0.0732]]),<m> purple = 30 </m>
85,twenty purple block 's thirty,"green = 10, purple = 10, red = 20",tensor([[0.0626]]),<m> purple = 30 </m>
86,twenty purple block 's thirty,"green = 10, purple = 20, red = 20",tensor([[0.0609]]),<m> purple = 30 </m>
87,twenty purple block 's thirty,"green = 10, purple = 30, red = 20",tensor([[0.0734]]),<m> purple = 30 </m>
88,twenty purple block 's thirty,"green = 10, purple = 40, red = 20",tensor([[0.0597]]),<m> purple = 30 </m>
89,twenty purple block 's thirty,"green = 10, purple = 50, red = 20",tensor([[0.0592]]),<m> purple = 30 </m>
90,twenty purple block 's thirty,"green = 20, purple = 10, red = 20",tensor([[0.0653]]),<m> purple = 30 </m>
91,twenty purple block 's thirty,"green = 20, purple = 20, red = 20",tensor([[0.0632]]),<m> purple = 30 </m>
92,twenty purple block 's thirty,"green = 20, purple = 30, red = 20",tensor([[0.0715]]),<m> purple = 30 </m>
93,twenty purple block 's thirty,"green = 20, purple = 40, red = 20",tensor([[0.0600]]),<m> purple = 30 </m>
94,twenty purple block 's thirty,"green = 20, purple = 50, red = 20",tensor([[0.0593]]),<m> purple = 30 </m>
95,twenty purple block 's thirty,"green = 30, purple = 10, red = 20",tensor([[0.0698]]),<m> purple = 30 </m>
96,twenty purple block 's thirty,"green = 30, purple = 20, red = 20",tensor([[0.0655]]),<m> purple = 30 </m>
97,twenty purple block 's thirty,"green = 30, purple = 30, red = 20",tensor([[0.0848]]),<m> purple = 30 </m>
98,twenty purple block 's thirty,"green = 30, purple = 40, red = 20",tensor([[0.0725]]),<m> purple = 30 </m>
99,twenty purple block 's thirty,"green = 30, purple = 50, red = 20",tensor([[0.0795]]),<m> purple = 30 </m>
100,twenty purple block 's thirty,"green = 40, purple = 10, red = 20",tensor([[0.0588]]),<m> purple = 30 </m>
101,twenty purple block 's thirty,"green = 40, purple = 20, red = 20",tensor([[0.0560]]),<m> purple = 30 </m>
102,twenty purple block 's thirty,"green = 40, purple = 30, red = 20",tensor([[0.0709]]),<m> purple = 30 </m>
103,twenty purple block 's thirty,"green = 40, purple = 40, red = 20",tensor([[0.0612]]),<m> purple = 30 </m>
104,twenty purple block 's thirty,"green = 40, purple = 50, red = 20",tensor([[0.0600]]),<m> purple = 30 </m>
105,twenty purple block 's thirty,"green = 50, purple = 10, red = 20",tensor([[0.0711]]),<m> purple = 30 </m>
106,twenty purple block 's thirty,"green = 50, purple = 20, red = 20",tensor([[0.0706]]),<m> purple = 30 </m>
107,twenty purple block 's thirty,"green = 50, purple = 30, red = 20",tensor([[0.0817]]),<m> purple = 30 </m>
108,twenty purple block 's thirty,"green = 50, purple = 40, red = 20",tensor([[0.0604]]),<m> purple = 30 </m>
109,twenty purple block 's thirty,"green = 50, purple = 50, red = 20",tensor([[0.0804]]),<m> purple = 30 </m>
110,twenty purple block 's thirty,"purple = 10, red = 20, yellow = 10",tensor([[0.0717]]),<m> purple = 30 </m>
111,twenty purple block 's thirty,"purple = 10, red = 20, yellow = 20",tensor([[0.0673]]),<m> purple = 30 </m>
112,twenty purple block 's thirty,"purple = 10, red = 20, yellow = 30",tensor([[0.0726]]),<m> purple = 30 </m>
113,twenty purple block 's thirty,"purple = 10, red = 20, yellow = 40",tensor([[0.0621]]),<m> purple = 30 </m>
114,twenty purple block 's thirty,"purple = 10, red = 20, yellow = 50",tensor([[0.0659]]),<m> purple = 30 </m>
115,twenty purple block 's thirty,"purple = 20, red = 20, yellow = 10",tensor([[0.0883]]),<m> purple = 30 </m>
116,twenty purple block 's thirty,"purple = 20, red = 20, yellow = 20",tensor([[0.0660]]),<m> purple = 30 </m>
117,twenty purple block 's thirty,"purple = 20, red = 20, yellow = 30",tensor([[0.0717]]),<m> purple = 30 </m>
118,twenty purple block 's thirty,"purple = 20, red = 20, yellow = 40",tensor([[0.0602]]),<m> purple = 30 </m>
119,twenty purple block 's thirty,"purple = 20, red = 20, yellow = 50",tensor([[0.0781]]),<m> purple = 30 </m>
120,twenty purple block 's thirty,"purple = 30, red = 20, yellow = 10",tensor([[0.0825]]),<m> purple = 30 </m>
121,twenty purple block 's thirty,"purple = 30, red = 20, yellow = 20",tensor([[0.0654]]),<m> purple = 30 </m>
122,twenty purple block 's thirty,"purple = 30, red = 20, yellow = 30",tensor([[0.0717]]),<m> purple = 30 </m>
123,twenty purple block 's thirty,"purple = 30, red = 20, yellow = 40",tensor([[0.0588]]),<m> purple = 30 </m>
124,twenty purple block 's thirty,"purple = 30, red = 20, yellow = 50",tensor([[0.0690]]),<m> purple = 30 </m>
125,twenty purple block 's thirty,"purple = 40, red = 20, yellow = 10",tensor([[0.0765]]),<m> purple = 30 </m>
126,twenty purple block 's thirty,"purple = 40, red = 20, yellow = 20",tensor([[0.0622]]),<m> purple = 30 </m>
127,twenty purple block 's thirty,"purple = 40, red = 20, yellow = 30",tensor([[0.0705]]),<m> purple = 30 </m>
128,twenty purple block 's thirty,"purple = 40, red = 20, yellow = 40",tensor([[0.0589]]),<m> purple = 30 </m>
129,twenty purple block 's thirty,"purple = 40, red = 20, yellow = 50",tensor([[0.0700]]),<m> purple = 30 </m>
130,twenty purple block 's thirty,"purple = 50, red = 20, yellow = 10",tensor([[0.1078]]),<m> purple = 30 </m>
131,twenty purple block 's thirty,"purple = 50, red = 20, yellow = 20",tensor([[0.0600]]),<m> purple = 30 </m>
132,twenty purple block 's thirty,"purple = 50, red = 20, yellow = 30",tensor([[0.0736]]),<m> purple = 30 </m>
133,twenty purple block 's thirty,"purple = 50, red = 20, yellow = 40",tensor([[0.0624]]),<m> purple = 30 </m>
134,twenty purple block 's thirty,"purple = 50, red = 20, yellow = 50",tensor([[0.0702]]),<m> purple = 30 </m>
135,twenty purple block 's thirty,"blue = 10, purple = 10, red = 30",tensor([[0.0698]]),<m> purple = 30 </m>
136,twenty purple block 's thirty,"blue = 10, purple = 20, red = 30",tensor([[0.0629]]),<m> purple = 30 </m>
137,twenty purple block 's thirty,"blue = 10, purple = 30, red = 30",tensor([[0.0717]]),<m> purple = 30 </m>
138,twenty purple block 's thirty,"blue = 10, purple = 40, red = 30",tensor([[0.0595]]),<m> purple = 30 </m>
139,twenty purple block 's thirty,"blue = 10, purple = 50, red = 30",tensor([[0.0838]]),<m> purple = 30 </m>
140,twenty purple block 's thirty,"blue = 20, purple = 10, red = 30",tensor([[0.0700]]),<m> purple = 30 </m>
141,twenty purple block 's thirty,"blue = 20, purple = 20, red = 30",tensor([[0.0555]]),<m> purple = 30 </m>
142,twenty purple block 's thirty,"blue = 20, purple = 30, red = 30",tensor([[0.0641]]),<m> purple = 30 </m>
143,twenty purple block 's thirty,"blue = 20, purple = 40, red = 30",tensor([[0.0596]]),<m> purple = 30 </m>
144,twenty purple block 's thirty,"blue = 20, purple = 50, red = 30",tensor([[0.0625]]),<m> purple = 30 </m>
145,twenty purple block 's thirty,"blue = 30, purple = 10, red = 30",tensor([[0.0932]]),<m> purple = 30 </m>
146,twenty purple block 's thirty,"blue = 30, purple = 20, red = 30",tensor([[0.0717]]),<m> purple = 30 </m>
147,twenty purple block 's thirty,"blue = 30, purple = 30, red = 30",tensor([[0.0692]]),<m> purple = 30 </m>
148,twenty purple block 's thirty,"blue = 30, purple = 40, red = 30",tensor([[0.0584]]),<m> purple = 30 </m>
149,twenty purple block 's thirty,"blue = 30, purple = 50, red = 30",tensor([[0.0588]]),<m> purple = 30 </m>
150,twenty purple block 's thirty,"blue = 40, purple = 10, red = 30",tensor([[0.0707]]),<m> purple = 30 </m>
151,twenty purple block 's thirty,"blue = 40, purple = 20, red = 30",tensor([[0.0698]]),<m> purple = 30 </m>
152,twenty purple block 's thirty,"blue = 40, purple = 30, red = 30",tensor([[0.0684]]),<m> purple = 30 </m>
153,twenty purple block 's thirty,"blue = 40, purple = 40, red = 30",tensor([[0.0580]]),<m> purple = 30 </m>
154,twenty purple block 's thirty,"blue = 40, purple = 50, red = 30",tensor([[0.0579]]),<m> purple = 30 </m>
155,twenty purple block 's thirty,"blue = 50, purple = 10, red = 30",tensor([[0.0799]]),<m> purple = 30 </m>
156,twenty purple block 's thirty,"blue = 50, purple = 20, red = 30",tensor([[0.0709]]),<m> purple = 30 </m>
157,twenty purple block 's thirty,"blue = 50, purple = 30, red = 30",tensor([[0.0697]]),<m> purple = 30 </m>
158,twenty purple block 's thirty,"blue = 50, purple = 40, red = 30",tensor([[0.0578]]),<m> purple = 30 </m>
159,twenty purple block 's thirty,"blue = 50, purple = 50, red = 30",tensor([[0.0769]]),<m> purple = 30 </m>
160,twenty purple block 's thirty,"green = 10, purple = 10, red = 30",tensor([[0.0709]]),<m> purple = 30 </m>
161,twenty purple block 's thirty,"green = 10, purple = 20, red = 30",tensor([[0.0622]]),<m> purple = 30 </m>
162,twenty purple block 's thirty,"green = 10, purple = 30, red = 30",tensor([[0.0680]]),<m> purple = 30 </m>
163,twenty purple block 's thirty,"green = 10, purple = 40, red = 30",tensor([[0.0645]]),<m> purple = 30 </m>
164,twenty purple block 's thirty,"green = 10, purple = 50, red = 30",tensor([[0.1160]]),<m> purple = 30 </m>
165,twenty purple block 's thirty,"green = 20, purple = 10, red = 30",tensor([[0.0644]]),<m> purple = 30 </m>
166,twenty purple block 's thirty,"green = 20, purple = 20, red = 30",tensor([[0.0627]]),<m> purple = 30 </m>
167,twenty purple block 's thirty,"green = 20, purple = 30, red = 30",tensor([[0.0666]]),<m> purple = 30 </m>
168,twenty purple block 's thirty,"green = 20, purple = 40, red = 30",tensor([[0.0595]]),<m> purple = 30 </m>
169,twenty purple block 's thirty,"green = 20, purple = 50, red = 30",tensor([[0.0586]]),<m> purple = 30 </m>
170,twenty purple block 's thirty,"green = 30, purple = 10, red = 30",tensor([[0.0718]]),<m> purple = 30 </m>
171,twenty purple block 's thirty,"green = 30, purple = 20, red = 30",tensor([[0.0628]]),<m> purple = 30 </m>
172,twenty purple block 's thirty,"green = 30, purple = 30, red = 30",tensor([[0.0581]]),<m> purple = 30 </m>
173,twenty purple block 's thirty,"green = 30, purple = 40, red = 30",tensor([[0.0589]]),<m> purple = 30 </m>
174,twenty purple block 's thirty,"green = 30, purple = 50, red = 30",tensor([[0.0583]]),<m> purple = 30 </m>
175,twenty purple block 's thirty,"green = 40, purple = 10, red = 30",tensor([[0.0682]]),<m> purple = 30 </m>
176,twenty purple block 's thirty,"green = 40, purple = 20, red = 30",tensor([[0.0647]]),<m> purple = 30 </m>
177,twenty purple block 's thirty,"green = 40, purple = 30, red = 30",tensor([[0.0638]]),<m> purple = 30 </m>
178,twenty purple block 's thirty,"green = 40, purple = 40, red = 30",tensor([[0.0647]]),<m> purple = 30 </m>
179,twenty purple block 's thirty,"green = 40, purple = 50, red = 30",tensor([[0.0574]]),<m> purple = 30 </m>
180,twenty purple block 's thirty,"green = 50, purple = 10, red = 30",tensor([[0.0855]]),<m> purple = 30 </m>
181,twenty purple block 's thirty,"green = 50, purple = 20, red = 30",tensor([[0.0649]]),<m> purple = 30 </m>
182,twenty purple block 's thirty,"green = 50, purple = 30, red = 30",tensor([[0.0689]]),<m> purple = 30 </m>
183,twenty purple block 's thirty,"green = 50, purple = 40, red = 30",tensor([[0.0598]]),<m> purple = 30 </m>
184,twenty purple block 's thirty,"green = 50, purple = 50, red = 30",tensor([[0.0803]]),<m> purple = 30 </m>
185,twenty purple block 's thirty,"purple = 10, red = 30, yellow = 10",tensor([[0.0732]]),<m> purple = 30 </m>
186,twenty purple block 's thirty,"purple = 10, red = 30, yellow = 20",tensor([[0.0706]]),<m> purple = 30 </m>
187,twenty purple block 's thirty,"purple = 10, red = 30, yellow = 30",tensor([[0.0668]]),<m> purple = 30 </m>
188,twenty purple block 's thirty,"purple = 10, red = 30, yellow = 40",tensor([[0.0635]]),<m> purple = 30 </m>
189,twenty purple block 's thirty,"purple = 10, red = 30, yellow = 50",tensor([[0.0636]]),<m> purple = 30 </m>
190,twenty purple block 's thirty,"purple = 20, red = 30, yellow = 10",tensor([[0.0871]]),<m> purple = 30 </m>
191,twenty purple block 's thirty,"purple = 20, red = 30, yellow = 20",tensor([[0.0749]]),<m> purple = 30 </m>
192,twenty purple block 's thirty,"purple = 20, red = 30, yellow = 30",tensor([[0.0856]]),<m> purple = 30 </m>
193,twenty purple block 's thirty,"purple = 20, red = 30, yellow = 40",tensor([[0.0581]]),<m> purple = 30 </m>
194,twenty purple block 's thirty,"purple = 20, red = 30, yellow = 50",tensor([[0.0734]]),<m> purple = 30 </m>
195,twenty purple block 's thirty,"purple = 30, red = 30, yellow = 10",tensor([[0.1605]]),<m> purple = 30 </m>
196,twenty purple block 's thirty,"purple = 30, red = 30, yellow = 20",tensor([[0.0902]]),<m> purple = 30 </m>
197,twenty purple block 's thirty,"purple = 30, red = 30, yellow = 30",tensor([[0.0705]]),<m> purple = 30 </m>
198,twenty purple block 's thirty,"purple = 30, red = 30, yellow = 40",tensor([[0.0609]]),<m> purple = 30 </m>
199,twenty purple block 's thirty,"purple = 30, red = 30, yellow = 50",tensor([[0.0705]]),<m> purple = 30 </m>
200,twenty purple block 's thirty,"purple = 40, red = 30, yellow = 10",tensor([[0.0707]]),<m> purple = 30 </m>
201,twenty purple block 's thirty,"purple = 40, red = 30, yellow = 20",tensor([[0.0657]]),<m> purple = 30 </m>
202,twenty purple block 's thirty,"purple = 40, red = 30, yellow = 30",tensor([[0.0706]]),<m> purple = 30 </m>
203,twenty purple block 's thirty,"purple = 40, red = 30, yellow = 40",tensor([[0.0598]]),<m> purple = 30 </m>
204,twenty purple block 's thirty,"purple = 40, red = 30, yellow = 50",tensor([[0.0608]]),<m> purple = 30 </m>
205,twenty purple block 's thirty,"purple = 50, red = 30, yellow = 10",tensor([[0.1094]]),<m> purple = 30 </m>
206,twenty purple block 's thirty,"purple = 50, red = 30, yellow = 20",tensor([[0.0766]]),<m> purple = 30 </m>
207,twenty purple block 's thirty,"purple = 50, red = 30, yellow = 30",tensor([[0.0699]]),<m> purple = 30 </m>
208,twenty purple block 's thirty,"purple = 50, red = 30, yellow = 40",tensor([[0.0642]]),<m> purple = 30 </m>
209,twenty purple block 's thirty,"purple = 50, red = 30, yellow = 50",tensor([[0.0641]]),<m> purple = 30 </m>
210,twenty purple block 's thirty,"blue = 10, purple = 20, red = 40",tensor([[0.0600]]),<m> purple = 30 </m>
211,twenty purple block 's thirty,"blue = 10, purple = 30, red = 40",tensor([[0.0614]]),<m> purple = 30 </m>
212,twenty purple block 's thirty,"blue = 20, purple = 10, red = 40",tensor([[0.0616]]),<m> purple = 30 </m>
213,twenty purple block 's thirty,"blue = 20, purple = 20, red = 40",tensor([[0.0546]]),<m> purple = 30 </m>
214,twenty purple block 's thirty,"blue = 20, purple = 30, red = 40",tensor([[0.0611]]),<m> purple = 30 </m>
215,twenty purple block 's thirty,"blue = 20, purple = 40, red = 40",tensor([[0.0560]]),<m> purple = 30 </m>
216,twenty purple block 's thirty,"blue = 20, purple = 50, red = 40",tensor([[0.0564]]),<m> purple = 30 </m>
217,twenty purple block 's thirty,"blue = 30, purple = 10, red = 40",tensor([[0.0564]]),<m> purple = 30 </m>
218,twenty purple block 's thirty,"blue = 30, purple = 20, red = 40",tensor([[0.0595]]),<m> purple = 30 </m>
219,twenty purple block 's thirty,"blue = 30, purple = 30, red = 40",tensor([[0.0564]]),<m> purple = 30 </m>
220,twenty purple block 's thirty,"blue = 30, purple = 40, red = 40",tensor([[0.0601]]),<m> purple = 30 </m>
221,twenty purple block 's thirty,"blue = 30, purple = 50, red = 40",tensor([[0.0558]]),<m> purple = 30 </m>
222,twenty purple block 's thirty,"blue = 40, purple = 20, red = 40",tensor([[0.0619]]),<m> purple = 30 </m>
223,twenty purple block 's thirty,"blue = 40, purple = 30, red = 40",tensor([[0.0601]]),<m> purple = 30 </m>
224,twenty purple block 's thirty,"blue = 50, purple = 20, red = 40",tensor([[0.0623]]),<m> purple = 30 </m>
225,twenty purple block 's thirty,"blue = 50, purple = 30, red = 40",tensor([[0.0616]]),<m> purple = 30 </m>
226,twenty purple block 's thirty,"green = 10, purple = 20, red = 40",tensor([[0.0672]]),<m> purple = 30 </m>
227,twenty purple block 's thirty,"green = 10, purple = 30, red = 40",tensor([[0.0721]]),<m> purple = 30 </m>
228,twenty purple block 's thirty,"green = 20, purple = 10, red = 40",tensor([[0.0632]]),<m> purple = 30 </m>
229,twenty purple block 's thirty,"green = 20, purple = 20, red = 40",tensor([[0.0569]]),<m> purple = 30 </m>
230,twenty purple block 's thirty,"green = 20, purple = 30, red = 40",tensor([[0.0570]]),<m> purple = 30 </m>
231,twenty purple block 's thirty,"green = 20, purple = 40, red = 40",tensor([[0.0613]]),<m> purple = 30 </m>
232,twenty purple block 's thirty,"green = 20, purple = 50, red = 40",tensor([[0.0571]]),<m> purple = 30 </m>
233,twenty purple block 's thirty,"green = 30, purple = 10, red = 40",tensor([[0.0693]]),<m> purple = 30 </m>
234,twenty purple block 's thirty,"green = 30, purple = 20, red = 40",tensor([[0.0549]]),<m> purple = 30 </m>
235,twenty purple block 's thirty,"green = 30, purple = 30, red = 40",tensor([[0.0606]]),<m> purple = 30 </m>
236,twenty purple block 's thirty,"green = 30, purple = 40, red = 40",tensor([[0.0620]]),<m> purple = 30 </m>
237,twenty purple block 's thirty,"green = 30, purple = 50, red = 40",tensor([[0.0603]]),<m> purple = 30 </m>
238,twenty purple block 's thirty,"green = 40, purple = 20, red = 40",tensor([[0.0602]]),<m> purple = 30 </m>
239,twenty purple block 's thirty,"green = 40, purple = 30, red = 40",tensor([[0.0570]]),<m> purple = 30 </m>
240,twenty purple block 's thirty,"green = 50, purple = 20, red = 40",tensor([[0.0598]]),<m> purple = 30 </m>
241,twenty purple block 's thirty,"green = 50, purple = 30, red = 40",tensor([[0.0610]]),<m> purple = 30 </m>
242,twenty purple block 's thirty,"purple = 10, red = 40, yellow = 20",tensor([[0.0634]]),<m> purple = 30 </m>
243,twenty purple block 's thirty,"purple = 10, red = 40, yellow = 30",tensor([[0.0693]]),<m> purple = 30 </m>
244,twenty purple block 's thirty,"purple = 20, red = 40, yellow = 10",tensor([[0.0826]]),<m> purple = 30 </m>
245,twenty purple block 's thirty,"purple = 20, red = 40, yellow = 20",tensor([[0.0667]]),<m> purple = 30 </m>
246,twenty purple block 's thirty,"purple = 20, red = 40, yellow = 30",tensor([[0.0707]]),<m> purple = 30 </m>
247,twenty purple block 's thirty,"purple = 20, red = 40, yellow = 40",tensor([[0.0721]]),<m> purple = 30 </m>
248,twenty purple block 's thirty,"purple = 20, red = 40, yellow = 50",tensor([[0.0686]]),<m> purple = 30 </m>
249,twenty purple block 's thirty,"purple = 30, red = 40, yellow = 10",tensor([[0.1082]]),<m> purple = 30 </m>
250,twenty purple block 's thirty,"purple = 30, red = 40, yellow = 20",tensor([[0.0749]]),<m> purple = 30 </m>
251,twenty purple block 's thirty,"purple = 30, red = 40, yellow = 30",tensor([[0.0615]]),<m> purple = 30 </m>
252,twenty purple block 's thirty,"purple = 30, red = 40, yellow = 40",tensor([[0.0597]]),<m> purple = 30 </m>
253,twenty purple block 's thirty,"purple = 30, red = 40, yellow = 50",tensor([[0.0605]]),<m> purple = 30 </m>
254,twenty purple block 's thirty,"purple = 40, red = 40, yellow = 20",tensor([[0.0629]]),<m> purple = 30 </m>
255,twenty purple block 's thirty,"purple = 40, red = 40, yellow = 30",tensor([[0.0696]]),<m> purple = 30 </m>
256,twenty purple block 's thirty,"purple = 50, red = 40, yellow = 20",tensor([[0.0658]]),<m> purple = 30 </m>
257,twenty purple block 's thirty,"purple = 50, red = 40, yellow = 30",tensor([[0.0669]]),<m> purple = 30 </m>
258,twenty purple block 's thirty,"blue = 10, purple = 20, red = 50",tensor([[0.0682]]),<m> purple = 30 </m>
259,twenty purple block 's thirty,"blue = 10, purple = 30, red = 50",tensor([[0.0605]]),<m> purple = 30 </m>
260,twenty purple block 's thirty,"blue = 20, purple = 10, red = 50",tensor([[0.0731]]),<m> purple = 30 </m>
261,twenty purple block 's thirty,"blue = 20, purple = 20, red = 50",tensor([[0.0629]]),<m> purple = 30 </m>
262,twenty purple block 's thirty,"blue = 20, purple = 30, red = 50",tensor([[0.0587]]),<m> purple = 30 </m>
263,twenty purple block 's thirty,"blue = 20, purple = 40, red = 50",tensor([[0.0584]]),<m> purple = 30 </m>
264,twenty purple block 's thirty,"blue = 20, purple = 50, red = 50",tensor([[0.0635]]),<m> purple = 30 </m>
265,twenty purple block 's thirty,"blue = 30, purple = 10, red = 50",tensor([[0.0823]]),<m> purple = 30 </m>
266,twenty purple block 's thirty,"blue = 30, purple = 20, red = 50",tensor([[0.0615]]),<m> purple = 30 </m>
267,twenty purple block 's thirty,"blue = 30, purple = 30, red = 50",tensor([[0.0588]]),<m> purple = 30 </m>
268,twenty purple block 's thirty,"blue = 30, purple = 40, red = 50",tensor([[0.0558]]),<m> purple = 30 </m>
269,twenty purple block 's thirty,"blue = 30, purple = 50, red = 50",tensor([[0.0585]]),<m> purple = 30 </m>
270,twenty purple block 's thirty,"blue = 40, purple = 20, red = 50",tensor([[0.0610]]),<m> purple = 30 </m>
271,twenty purple block 's thirty,"blue = 40, purple = 30, red = 50",tensor([[0.0515]]),<m> purple = 30 </m>
272,twenty purple block 's thirty,"blue = 50, purple = 20, red = 50",tensor([[0.0700]]),<m> purple = 30 </m>
273,twenty purple block 's thirty,"blue = 50, purple = 30, red = 50",tensor([[0.0616]]),<m> purple = 30 </m>
274,twenty purple block 's thirty,"green = 10, purple = 20, red = 50",tensor([[0.0647]]),<m> purple = 30 </m>
275,twenty purple block 's thirty,"green = 10, purple = 30, red = 50",tensor([[0.0745]]),<m> purple = 30 </m>
276,twenty purple block 's thirty,"green = 20, purple = 10, red = 50",tensor([[0.0763]]),<m> purple = 30 </m>
277,twenty purple block 's thirty,"green = 20, purple = 20, red = 50",tensor([[0.0646]]),<m> purple = 30 </m>
278,twenty purple block 's thirty,"green = 20, purple = 30, red = 50",tensor([[0.0613]]),<m> purple = 30 </m>
279,twenty purple block 's thirty,"green = 20, purple = 40, red = 50",tensor([[0.0603]]),<m> purple = 30 </m>
280,twenty purple block 's thirty,"green = 20, purple = 50, red = 50",tensor([[0.0681]]),<m> purple = 30 </m>
281,twenty purple block 's thirty,"green = 30, purple = 10, red = 50",tensor([[0.0726]]),<m> purple = 30 </m>
282,twenty purple block 's thirty,"green = 30, purple = 20, red = 50",tensor([[0.0659]]),<m> purple = 30 </m>
283,twenty purple block 's thirty,"green = 30, purple = 30, red = 50",tensor([[0.0670]]),<m> purple = 30 </m>
284,twenty purple block 's thirty,"green = 30, purple = 40, red = 50",tensor([[0.0626]]),<m> purple = 30 </m>
285,twenty purple block 's thirty,"green = 30, purple = 50, red = 50",tensor([[0.0690]]),<m> purple = 30 </m>
286,twenty purple block 's thirty,"green = 40, purple = 20, red = 50",tensor([[0.0587]]),<m> purple = 30 </m>
287,twenty purple block 's thirty,"green = 40, purple = 30, red = 50",tensor([[0.0568]]),<m> purple = 30 </m>
288,twenty purple block 's thirty,"green = 50, purple = 20, red = 50",tensor([[0.0634]]),<m> purple = 30 </m>
289,twenty purple block 's thirty,"green = 50, purple = 30, red = 50",tensor([[0.0618]]),<m> purple = 30 </m>
290,twenty purple block 's thirty,"purple = 10, red = 50, yellow = 20",tensor([[0.0652]]),<m> purple = 30 </m>
291,twenty purple block 's thirty,"purple = 10, red = 50, yellow = 30",tensor([[0.1024]]),<m> purple = 30 </m>
292,twenty purple block 's thirty,"purple = 20, red = 50, yellow = 10",tensor([[0.1109]]),<m> purple = 30 </m>
293,twenty purple block 's thirty,"purple = 20, red = 50, yellow = 20",tensor([[0.0712]]),<m> purple = 30 </m>
294,twenty purple block 's thirty,"purple = 20, red = 50, yellow = 30",tensor([[0.0740]]),<m> purple = 30 </m>
295,twenty purple block 's thirty,"purple = 20, red = 50, yellow = 40",tensor([[0.0693]]),<m> purple = 30 </m>
296,twenty purple block 's thirty,"purple = 20, red = 50, yellow = 50",tensor([[0.0704]]),<m> purple = 30 </m>
297,twenty purple block 's thirty,"purple = 30, red = 50, yellow = 10",tensor([[0.1353]]),<m> purple = 30 </m>
298,twenty purple block 's thirty,"purple = 30, red = 50, yellow = 20",tensor([[0.0767]]),<m> purple = 30 </m>
299,twenty purple block 's thirty,"purple = 30, red = 50, yellow = 30",tensor([[0.0671]]),<m> purple = 30 </m>
300,twenty purple block 's thirty,"purple = 30, red = 50, yellow = 40",tensor([[0.0599]]),<m> purple = 30 </m>
301,twenty purple block 's thirty,"purple = 30, red = 50, yellow = 50",tensor([[0.0692]]),<m> purple = 30 </m>
302,twenty purple block 's thirty,"purple = 40, red = 50, yellow = 20",tensor([[0.0602]]),<m> purple = 30 </m>
303,twenty purple block 's thirty,"purple = 40, red = 50, yellow = 30",tensor([[0.0628]]),<m> purple = 30 </m>
304,twenty purple block 's thirty,"purple = 50, red = 50, yellow = 20",tensor([[0.0803]]),<m> purple = 30 </m>
305,twenty purple block 's thirty,"purple = 50, red = 50, yellow = 30",tensor([[0.0854]]),<m> purple = 30 </m>
306,twenty purple block 's thirty,"blue = 10, green = 10, purple = 20",tensor([[0.0628]]),<m> purple = 30 </m>
307,twenty purple block 's thirty,"blue = 10, green = 10, purple = 30",tensor([[0.0655]]),<m> purple = 30 </m>
308,twenty purple block 's thirty,"blue = 10, green = 20, purple = 10",tensor([[0.0600]]),<m> purple = 30 </m>
309,twenty purple block 's thirty,"blue = 10, green = 20, purple = 20",tensor([[0.0553]]),<m> purple = 30 </m>
310,twenty purple block 's thirty,"blue = 10, green = 20, purple = 30",tensor([[0.0582]]),<m> purple = 30 </m>
311,twenty purple block 's thirty,"blue = 10, green = 20, purple = 40",tensor([[0.0536]]),<m> purple = 30 </m>
312,twenty purple block 's thirty,"blue = 10, green = 20, purple = 50",tensor([[0.0609]]),<m> purple = 30 </m>
313,twenty purple block 's thirty,"blue = 10, green = 30, purple = 10",tensor([[0.0691]]),<m> purple = 30 </m>
314,twenty purple block 's thirty,"blue = 10, green = 30, purple = 20",tensor([[0.0603]]),<m> purple = 30 </m>
315,twenty purple block 's thirty,"blue = 10, green = 30, purple = 30",tensor([[0.0620]]),<m> purple = 30 </m>
316,twenty purple block 's thirty,"blue = 10, green = 30, purple = 40",tensor([[0.0621]]),<m> purple = 30 </m>
317,twenty purple block 's thirty,"blue = 10, green = 30, purple = 50",tensor([[0.0637]]),<m> purple = 30 </m>
318,twenty purple block 's thirty,"blue = 10, green = 40, purple = 20",tensor([[0.0482]]),<m> purple = 30 </m>
319,twenty purple block 's thirty,"blue = 10, green = 40, purple = 30",tensor([[0.0587]]),<m> purple = 30 </m>
320,twenty purple block 's thirty,"blue = 10, green = 50, purple = 20",tensor([[0.0530]]),<m> purple = 30 </m>
321,twenty purple block 's thirty,"blue = 10, green = 50, purple = 30",tensor([[0.0763]]),<m> purple = 30 </m>
322,twenty purple block 's thirty,"blue = 10, purple = 10, yellow = 20",tensor([[0.0629]]),<m> purple = 30 </m>
323,twenty purple block 's thirty,"blue = 10, purple = 10, yellow = 30",tensor([[0.0678]]),<m> purple = 30 </m>
324,twenty purple block 's thirty,"blue = 10, purple = 20, yellow = 10",tensor([[0.0640]]),<m> purple = 30 </m>
325,twenty purple block 's thirty,"blue = 10, purple = 20, yellow = 20",tensor([[0.0625]]),<m> purple = 30 </m>
326,twenty purple block 's thirty,"blue = 10, purple = 20, yellow = 30",tensor([[0.0650]]),<m> purple = 30 </m>
327,twenty purple block 's thirty,"blue = 10, purple = 20, yellow = 40",tensor([[0.0562]]),<m> purple = 30 </m>
328,twenty purple block 's thirty,"blue = 10, purple = 20, yellow = 50",tensor([[0.0650]]),<m> purple = 30 </m>
329,twenty purple block 's thirty,"blue = 10, purple = 30, yellow = 10",tensor([[0.0677]]),<m> purple = 30 </m>
330,twenty purple block 's thirty,"blue = 10, purple = 30, yellow = 20",tensor([[0.0653]]),<m> purple = 30 </m>
331,twenty purple block 's thirty,"blue = 10, purple = 30, yellow = 30",tensor([[0.0637]]),<m> purple = 30 </m>
332,twenty purple block 's thirty,"blue = 10, purple = 30, yellow = 40",tensor([[0.0608]]),<m> purple = 30 </m>
333,twenty purple block 's thirty,"blue = 10, purple = 30, yellow = 50",tensor([[0.0563]]),<m> purple = 30 </m>
334,twenty purple block 's thirty,"blue = 10, purple = 40, yellow = 20",tensor([[0.0507]]),<m> purple = 30 </m>
335,twenty purple block 's thirty,"blue = 10, purple = 40, yellow = 30",tensor([[0.0597]]),<m> purple = 30 </m>
336,twenty purple block 's thirty,"blue = 10, purple = 50, yellow = 20",tensor([[0.0605]]),<m> purple = 30 </m>
337,twenty purple block 's thirty,"blue = 10, purple = 50, yellow = 30",tensor([[0.0782]]),<m> purple = 30 </m>
338,twenty purple block 's thirty,"blue = 20, green = 10, purple = 10",tensor([[0.0555]]),<m> purple = 30 </m>
339,twenty purple block 's thirty,"blue = 20, green = 10, purple = 20",tensor([[0.0571]]),<m> purple = 30 </m>
340,twenty purple block 's thirty,"blue = 20, green = 10, purple = 30",tensor([[0.0689]]),<m> purple = 30 </m>
341,twenty purple block 's thirty,"blue = 20, green = 10, purple = 40",tensor([[0.0529]]),<m> purple = 30 </m>
342,twenty purple block 's thirty,"blue = 20, green = 10, purple = 50",tensor([[0.0670]]),<m> purple = 30 </m>
343,twenty purple block 's thirty,"blue = 20, green = 20, purple = 10",tensor([[0.0638]]),<m> purple = 30 </m>
344,twenty purple block 's thirty,"blue = 20, green = 20, purple = 20",tensor([[0.0582]]),<m> purple = 30 </m>
345,twenty purple block 's thirty,"blue = 20, green = 20, purple = 30",tensor([[0.0545]]),<m> purple = 30 </m>
346,twenty purple block 's thirty,"blue = 20, green = 20, purple = 40",tensor([[0.0557]]),<m> purple = 30 </m>
347,twenty purple block 's thirty,"blue = 20, green = 20, purple = 50",tensor([[0.0603]]),<m> purple = 30 </m>
348,twenty purple block 's thirty,"blue = 20, green = 30, purple = 10",tensor([[0.0610]]),<m> purple = 30 </m>
349,twenty purple block 's thirty,"blue = 20, green = 30, purple = 20",tensor([[0.0704]]),<m> purple = 30 </m>
350,twenty purple block 's thirty,"blue = 20, green = 30, purple = 30",tensor([[0.0633]]),<m> purple = 30 </m>
351,twenty purple block 's thirty,"blue = 20, green = 30, purple = 40",tensor([[0.0520]]),<m> purple = 30 </m>
352,twenty purple block 's thirty,"blue = 20, green = 30, purple = 50",tensor([[0.0627]]),<m> purple = 30 </m>
353,twenty purple block 's thirty,"blue = 20, green = 40, purple = 10",tensor([[0.0586]]),<m> purple = 30 </m>
354,twenty purple block 's thirty,"blue = 20, green = 40, purple = 20",tensor([[0.0609]]),<m> purple = 30 </m>
355,twenty purple block 's thirty,"blue = 20, green = 40, purple = 30",tensor([[0.0616]]),<m> purple = 30 </m>
356,twenty purple block 's thirty,"blue = 20, green = 40, purple = 40",tensor([[0.0602]]),<m> purple = 30 </m>
357,twenty purple block 's thirty,"blue = 20, green = 40, purple = 50",tensor([[0.0586]]),<m> purple = 30 </m>
358,twenty purple block 's thirty,"blue = 20, green = 50, purple = 10",tensor([[0.0652]]),<m> purple = 30 </m>
359,twenty purple block 's thirty,"blue = 20, green = 50, purple = 20",tensor([[0.0622]]),<m> purple = 30 </m>
360,twenty purple block 's thirty,"blue = 20, green = 50, purple = 30",tensor([[0.0600]]),<m> purple = 30 </m>
361,twenty purple block 's thirty,"blue = 20, green = 50, purple = 40",tensor([[0.0584]]),<m> purple = 30 </m>
362,twenty purple block 's thirty,"blue = 20, green = 50, purple = 50",tensor([[0.0643]]),<m> purple = 30 </m>
363,twenty purple block 's thirty,"blue = 20, purple = 10, yellow = 10",tensor([[0.0642]]),<m> purple = 30 </m>
364,twenty purple block 's thirty,"blue = 20, purple = 10, yellow = 20",tensor([[0.0597]]),<m> purple = 30 </m>
365,twenty purple block 's thirty,"blue = 20, purple = 10, yellow = 30",tensor([[0.0719]]),<m> purple = 30 </m>
366,twenty purple block 's thirty,"blue = 20, purple = 10, yellow = 40",tensor([[0.0618]]),<m> purple = 30 </m>
367,twenty purple block 's thirty,"blue = 20, purple = 10, yellow = 50",tensor([[0.0729]]),<m> purple = 30 </m>
368,twenty purple block 's thirty,"blue = 20, purple = 20, yellow = 10",tensor([[0.0725]]),<m> purple = 30 </m>
369,twenty purple block 's thirty,"blue = 20, purple = 20, yellow = 20",tensor([[0.0615]]),<m> purple = 30 </m>
370,twenty purple block 's thirty,"blue = 20, purple = 20, yellow = 30",tensor([[0.0595]]),<m> purple = 30 </m>
371,twenty purple block 's thirty,"blue = 20, purple = 20, yellow = 40",tensor([[0.0551]]),<m> purple = 30 </m>
372,twenty purple block 's thirty,"blue = 20, purple = 20, yellow = 50",tensor([[0.0626]]),<m> purple = 30 </m>
373,twenty purple block 's thirty,"blue = 20, purple = 30, yellow = 10",tensor([[0.0625]]),<m> purple = 30 </m>
374,twenty purple block 's thirty,"blue = 20, purple = 30, yellow = 20",tensor([[0.0684]]),<m> purple = 30 </m>
375,twenty purple block 's thirty,"blue = 20, purple = 30, yellow = 30",tensor([[0.0694]]),<m> purple = 30 </m>
376,twenty purple block 's thirty,"blue = 20, purple = 30, yellow = 40",tensor([[0.0524]]),<m> purple = 30 </m>
377,twenty purple block 's thirty,"blue = 20, purple = 30, yellow = 50",tensor([[0.0596]]),<m> purple = 30 </m>
378,twenty purple block 's thirty,"blue = 20, purple = 40, yellow = 10",tensor([[0.0622]]),<m> purple = 30 </m>
379,twenty purple block 's thirty,"blue = 20, purple = 40, yellow = 20",tensor([[0.0600]]),<m> purple = 30 </m>
380,twenty purple block 's thirty,"blue = 20, purple = 40, yellow = 30",tensor([[0.0591]]),<m> purple = 30 </m>
381,twenty purple block 's thirty,"blue = 20, purple = 40, yellow = 40",tensor([[0.0568]]),<m> purple = 30 </m>
382,twenty purple block 's thirty,"blue = 20, purple = 40, yellow = 50",tensor([[0.0599]]),<m> purple = 30 </m>
383,twenty purple block 's thirty,"blue = 20, purple = 50, yellow = 10",tensor([[0.0802]]),<m> purple = 30 </m>
384,twenty purple block 's thirty,"blue = 20, purple = 50, yellow = 20",tensor([[0.0685]]),<m> purple = 30 </m>
385,twenty purple block 's thirty,"blue = 20, purple = 50, yellow = 30",tensor([[0.0628]]),<m> purple = 30 </m>
386,twenty purple block 's thirty,"blue = 20, purple = 50, yellow = 40",tensor([[0.0592]]),<m> purple = 30 </m>
387,twenty purple block 's thirty,"blue = 20, purple = 50, yellow = 50",tensor([[0.0701]]),<m> purple = 30 </m>
388,twenty purple block 's thirty,"blue = 30, green = 10, purple = 10",tensor([[0.0562]]),<m> purple = 30 </m>
389,twenty purple block 's thirty,"blue = 30, green = 10, purple = 20",tensor([[0.0607]]),<m> purple = 30 </m>
390,twenty purple block 's thirty,"blue = 30, green = 10, purple = 30",tensor([[0.1690]]),<m> purple = 30 </m>
391,twenty purple block 's thirty,"blue = 30, green = 10, purple = 40",tensor([[0.0621]]),<m> purple = 30 </m>
392,twenty purple block 's thirty,"blue = 30, green = 10, purple = 50",tensor([[0.0740]]),<m> purple = 30 </m>
393,twenty purple block 's thirty,"blue = 30, green = 20, purple = 10",tensor([[0.0719]]),<m> purple = 30 </m>
394,twenty purple block 's thirty,"blue = 30, green = 20, purple = 20",tensor([[0.0600]]),<m> purple = 30 </m>
395,twenty purple block 's thirty,"blue = 30, green = 20, purple = 30",tensor([[0.0724]]),<m> purple = 30 </m>
396,twenty purple block 's thirty,"blue = 30, green = 20, purple = 40",tensor([[0.0561]]),<m> purple = 30 </m>
397,twenty purple block 's thirty,"blue = 30, green = 20, purple = 50",tensor([[0.0570]]),<m> purple = 30 </m>
398,twenty purple block 's thirty,"blue = 30, green = 30, purple = 10",tensor([[0.1006]]),<m> purple = 30 </m>
399,twenty purple block 's thirty,"blue = 30, green = 30, purple = 20",tensor([[0.0702]]),<m> purple = 30 </m>
400,twenty purple block 's thirty,"blue = 30, green = 30, purple = 30",tensor([[0.0742]]),<m> purple = 30 </m>
401,twenty purple block 's thirty,"blue = 30, green = 30, purple = 40",tensor([[0.0516]]),<m> purple = 30 </m>
402,twenty purple block 's thirty,"blue = 30, green = 30, purple = 50",tensor([[0.0587]]),<m> purple = 30 </m>
403,twenty purple block 's thirty,"blue = 30, green = 40, purple = 10",tensor([[0.0672]]),<m> purple = 30 </m>
404,twenty purple block 's thirty,"blue = 30, green = 40, purple = 20",tensor([[0.0652]]),<m> purple = 30 </m>
405,twenty purple block 's thirty,"blue = 30, green = 40, purple = 30",tensor([[0.0585]]),<m> purple = 30 </m>
406,twenty purple block 's thirty,"blue = 30, green = 40, purple = 40",tensor([[0.0598]]),<m> purple = 30 </m>
407,twenty purple block 's thirty,"blue = 30, green = 40, purple = 50",tensor([[0.0533]]),<m> purple = 30 </m>
408,twenty purple block 's thirty,"blue = 30, green = 50, purple = 10",tensor([[0.0813]]),<m> purple = 30 </m>
409,twenty purple block 's thirty,"blue = 30, green = 50, purple = 20",tensor([[0.0650]]),<m> purple = 30 </m>
410,twenty purple block 's thirty,"blue = 30, green = 50, purple = 30",tensor([[0.0696]]),<m> purple = 30 </m>
411,twenty purple block 's thirty,"blue = 30, green = 50, purple = 40",tensor([[0.0576]]),<m> purple = 30 </m>
412,twenty purple block 's thirty,"blue = 30, green = 50, purple = 50",tensor([[0.0606]]),<m> purple = 30 </m>
413,twenty purple block 's thirty,"blue = 30, purple = 10, yellow = 10",tensor([[0.0590]]),<m> purple = 30 </m>
414,twenty purple block 's thirty,"blue = 30, purple = 10, yellow = 20",tensor([[0.0686]]),<m> purple = 30 </m>
415,twenty purple block 's thirty,"blue = 30, purple = 10, yellow = 30",tensor([[0.1589]]),<m> purple = 30 </m>
416,twenty purple block 's thirty,"blue = 30, purple = 10, yellow = 40",tensor([[0.0606]]),<m> purple = 30 </m>
417,twenty purple block 's thirty,"blue = 30, purple = 10, yellow = 50",tensor([[0.0860]]),<m> purple = 30 </m>
418,twenty purple block 's thirty,"blue = 30, purple = 20, yellow = 10",tensor([[0.0713]]),<m> purple = 30 </m>
419,twenty purple block 's thirty,"blue = 30, purple = 20, yellow = 20",tensor([[0.0582]]),<m> purple = 30 </m>
420,twenty purple block 's thirty,"blue = 30, purple = 20, yellow = 30",tensor([[0.0725]]),<m> purple = 30 </m>
421,twenty purple block 's thirty,"blue = 30, purple = 20, yellow = 40",tensor([[0.0536]]),<m> purple = 30 </m>
422,twenty purple block 's thirty,"blue = 30, purple = 20, yellow = 50",tensor([[0.0630]]),<m> purple = 30 </m>
423,twenty purple block 's thirty,"blue = 30, purple = 30, yellow = 10",tensor([[0.1201]]),<m> purple = 30 </m>
424,twenty purple block 's thirty,"blue = 30, purple = 30, yellow = 20",tensor([[0.0633]]),<m> purple = 30 </m>
425,twenty purple block 's thirty,"blue = 30, purple = 30, yellow = 30",tensor([[0.0736]]),<m> purple = 30 </m>
426,twenty purple block 's thirty,"blue = 30, purple = 30, yellow = 40",tensor([[0.0506]]),<m> purple = 30 </m>
427,twenty purple block 's thirty,"blue = 30, purple = 30, yellow = 50",tensor([[0.0579]]),<m> purple = 30 </m>
428,twenty purple block 's thirty,"blue = 30, purple = 40, yellow = 10",tensor([[0.0688]]),<m> purple = 30 </m>
429,twenty purple block 's thirty,"blue = 30, purple = 40, yellow = 20",tensor([[0.0573]]),<m> purple = 30 </m>
430,twenty purple block 's thirty,"blue = 30, purple = 40, yellow = 30",tensor([[0.0599]]),<m> purple = 30 </m>
431,twenty purple block 's thirty,"blue = 30, purple = 40, yellow = 40",tensor([[0.0606]]),<m> purple = 30 </m>
432,twenty purple block 's thirty,"blue = 30, purple = 40, yellow = 50",tensor([[0.0521]]),<m> purple = 30 </m>
433,twenty purple block 's thirty,"blue = 30, purple = 50, yellow = 10",tensor([[0.0918]]),<m> purple = 30 </m>
434,twenty purple block 's thirty,"blue = 30, purple = 50, yellow = 20",tensor([[0.0635]]),<m> purple = 30 </m>
435,twenty purple block 's thirty,"blue = 30, purple = 50, yellow = 30",tensor([[0.0644]]),<m> purple = 30 </m>
436,twenty purple block 's thirty,"blue = 30, purple = 50, yellow = 40",tensor([[0.0545]]),<m> purple = 30 </m>
437,twenty purple block 's thirty,"blue = 30, purple = 50, yellow = 50",tensor([[0.0591]]),<m> purple = 30 </m>
438,twenty purple block 's thirty,"blue = 40, green = 10, purple = 20",tensor([[0.0548]]),<m> purple = 30 </m>
439,twenty purple block 's thirty,"blue = 40, green = 10, purple = 30",tensor([[0.0728]]),<m> purple = 30 </m>
440,twenty purple block 's thirty,"blue = 40, green = 20, purple = 10",tensor([[0.0658]]),<m> purple = 30 </m>
441,twenty purple block 's thirty,"blue = 40, green = 20, purple = 20",tensor([[0.0588]]),<m> purple = 30 </m>
442,twenty purple block 's thirty,"blue = 40, green = 20, purple = 30",tensor([[0.0681]]),<m> purple = 30 </m>
443,twenty purple block 's thirty,"blue = 40, green = 20, purple = 40",tensor([[0.0593]]),<m> purple = 30 </m>
444,twenty purple block 's thirty,"blue = 40, green = 20, purple = 50",tensor([[0.0558]]),<m> purple = 30 </m>
445,twenty purple block 's thirty,"blue = 40, green = 30, purple = 10",tensor([[0.0654]]),<m> purple = 30 </m>
446,twenty purple block 's thirty,"blue = 40, green = 30, purple = 20",tensor([[0.0650]]),<m> purple = 30 </m>
447,twenty purple block 's thirty,"blue = 40, green = 30, purple = 30",tensor([[0.0654]]),<m> purple = 30 </m>
448,twenty purple block 's thirty,"blue = 40, green = 30, purple = 40",tensor([[0.0609]]),<m> purple = 30 </m>
449,twenty purple block 's thirty,"blue = 40, green = 30, purple = 50",tensor([[0.0550]]),<m> purple = 30 </m>
450,twenty purple block 's thirty,"blue = 40, green = 40, purple = 20",tensor([[0.0557]]),<m> purple = 30 </m>
451,twenty purple block 's thirty,"blue = 40, green = 40, purple = 30",tensor([[0.0621]]),<m> purple = 30 </m>
452,twenty purple block 's thirty,"blue = 40, green = 50, purple = 20",tensor([[0.0473]]),<m> purple = 30 </m>
453,twenty purple block 's thirty,"blue = 40, green = 50, purple = 30",tensor([[0.0635]]),<m> purple = 30 </m>
454,twenty purple block 's thirty,"blue = 40, purple = 10, yellow = 20",tensor([[0.0639]]),<m> purple = 30 </m>
455,twenty purple block 's thirty,"blue = 40, purple = 10, yellow = 30",tensor([[0.0873]]),<m> purple = 30 </m>
456,twenty purple block 's thirty,"blue = 40, purple = 20, yellow = 10",tensor([[0.0645]]),<m> purple = 30 </m>
457,twenty purple block 's thirty,"blue = 40, purple = 20, yellow = 20",tensor([[0.0624]]),<m> purple = 30 </m>
458,twenty purple block 's thirty,"blue = 40, purple = 20, yellow = 30",tensor([[0.0670]]),<m> purple = 30 </m>
459,twenty purple block 's thirty,"blue = 40, purple = 20, yellow = 40",tensor([[0.0578]]),<m> purple = 30 </m>
460,twenty purple block 's thirty,"blue = 40, purple = 20, yellow = 50",tensor([[0.0637]]),<m> purple = 30 </m>
461,twenty purple block 's thirty,"blue = 40, purple = 30, yellow = 10",tensor([[0.0624]]),<m> purple = 30 </m>
462,twenty purple block 's thirty,"blue = 40, purple = 30, yellow = 20",tensor([[0.0600]]),<m> purple = 30 </m>
463,twenty purple block 's thirty,"blue = 40, purple = 30, yellow = 30",tensor([[0.0654]]),<m> purple = 30 </m>
464,twenty purple block 's thirty,"blue = 40, purple = 30, yellow = 40",tensor([[0.0590]]),<m> purple = 30 </m>
465,twenty purple block 's thirty,"blue = 40, purple = 30, yellow = 50",tensor([[0.0530]]),<m> purple = 30 </m>
466,twenty purple block 's thirty,"blue = 40, purple = 40, yellow = 20",tensor([[0.0477]]),<m> purple = 30 </m>
467,twenty purple block 's thirty,"blue = 40, purple = 40, yellow = 30",tensor([[0.0650]]),<m> purple = 30 </m>
468,twenty purple block 's thirty,"blue = 40, purple = 50, yellow = 20",tensor([[0.0515]]),<m> purple = 30 </m>
469,twenty purple block 's thirty,"blue = 40, purple = 50, yellow = 30",tensor([[0.0579]]),<m> purple = 30 </m>
470,twenty purple block 's thirty,"blue = 50, green = 10, purple = 20",tensor([[0.0622]]),<m> purple = 30 </m>
471,twenty purple block 's thirty,"blue = 50, green = 10, purple = 30",tensor([[0.0780]]),<m> purple = 30 </m>
472,twenty purple block 's thirty,"blue = 50, green = 20, purple = 10",tensor([[0.0759]]),<m> purple = 30 </m>
473,twenty purple block 's thirty,"blue = 50, green = 20, purple = 20",tensor([[0.0578]]),<m> purple = 30 </m>
474,twenty purple block 's thirty,"blue = 50, green = 20, purple = 30",tensor([[0.0700]]),<m> purple = 30 </m>
475,twenty purple block 's thirty,"blue = 50, green = 20, purple = 40",tensor([[0.0605]]),<m> purple = 30 </m>
476,twenty purple block 's thirty,"blue = 50, green = 20, purple = 50",tensor([[0.0688]]),<m> purple = 30 </m>
477,twenty purple block 's thirty,"blue = 50, green = 30, purple = 10",tensor([[0.0824]]),<m> purple = 30 </m>
478,twenty purple block 's thirty,"blue = 50, green = 30, purple = 20",tensor([[0.0771]]),<m> purple = 30 </m>
479,twenty purple block 's thirty,"blue = 50, green = 30, purple = 30",tensor([[0.0699]]),<m> purple = 30 </m>
480,twenty purple block 's thirty,"blue = 50, green = 30, purple = 40",tensor([[0.0643]]),<m> purple = 30 </m>
481,twenty purple block 's thirty,"blue = 50, green = 30, purple = 50",tensor([[0.0665]]),<m> purple = 30 </m>
482,twenty purple block 's thirty,"blue = 50, green = 40, purple = 20",tensor([[0.0517]]),<m> purple = 30 </m>
483,twenty purple block 's thirty,"blue = 50, green = 40, purple = 30",tensor([[0.0629]]),<m> purple = 30 </m>
484,twenty purple block 's thirty,"blue = 50, green = 50, purple = 20",tensor([[0.0631]]),<m> purple = 30 </m>
485,twenty purple block 's thirty,"blue = 50, green = 50, purple = 30",tensor([[0.0752]]),<m> purple = 30 </m>
486,twenty purple block 's thirty,"blue = 50, purple = 10, yellow = 20",tensor([[0.0691]]),<m> purple = 30 </m>
487,twenty purple block 's thirty,"blue = 50, purple = 10, yellow = 30",tensor([[0.1004]]),<m> purple = 30 </m>
488,twenty purple block 's thirty,"blue = 50, purple = 20, yellow = 10",tensor([[0.0843]]),<m> purple = 30 </m>
489,twenty purple block 's thirty,"blue = 50, purple = 20, yellow = 20",tensor([[0.0620]]),<m> purple = 30 </m>
490,twenty purple block 's thirty,"blue = 50, purple = 20, yellow = 30",tensor([[0.0716]]),<m> purple = 30 </m>
491,twenty purple block 's thirty,"blue = 50, purple = 20, yellow = 40",tensor([[0.0594]]),<m> purple = 30 </m>
492,twenty purple block 's thirty,"blue = 50, purple = 20, yellow = 50",tensor([[0.0705]]),<m> purple = 30 </m>
493,twenty purple block 's thirty,"blue = 50, purple = 30, yellow = 10",tensor([[0.0839]]),<m> purple = 30 </m>
494,twenty purple block 's thirty,"blue = 50, purple = 30, yellow = 20",tensor([[0.0648]]),<m> purple = 30 </m>
495,twenty purple block 's thirty,"blue = 50, purple = 30, yellow = 30",tensor([[0.0684]]),<m> purple = 30 </m>
496,twenty purple block 's thirty,"blue = 50, purple = 30, yellow = 40",tensor([[0.0622]]),<m> purple = 30 </m>
497,twenty purple block 's thirty,"blue = 50, purple = 30, yellow = 50",tensor([[0.0610]]),<m> purple = 30 </m>
498,twenty purple block 's thirty,"blue = 50, purple = 40, yellow = 20",tensor([[0.0452]]),<m> purple = 30 </m>
499,twenty purple block 's thirty,"blue = 50, purple = 40, yellow = 30",tensor([[0.0618]]),<m> purple = 30 </m>
500,twenty purple block 's thirty,"blue = 50, purple = 50, yellow = 20",tensor([[0.0648]]),<m> purple = 30 </m>
501,twenty purple block 's thirty,"blue = 50, purple = 50, yellow = 30",tensor([[0.0758]]),<m> purple = 30 </m>
502,twenty purple block 's thirty,"green = 10, purple = 10, yellow = 20",tensor([[0.0645]]),<m> purple = 30 </m>
503,twenty purple block 's thirty,"green = 10, purple = 10, yellow = 30",tensor([[0.0601]]),<m> purple = 30 </m>
504,twenty purple block 's thirty,"green = 10, purple = 20, yellow = 10",tensor([[0.0583]]),<m> purple = 30 </m>
505,twenty purple block 's thirty,"green = 10, purple = 20, yellow = 20",tensor([[0.0565]]),<m> purple = 30 </m>
506,twenty purple block 's thirty,"green = 10, purple = 20, yellow = 30",tensor([[0.0512]]),<m> purple = 30 </m>
507,twenty purple block 's thirty,"green = 10, purple = 20, yellow = 40",tensor([[0.0570]]),<m> purple = 30 </m>
508,twenty purple block 's thirty,"green = 10, purple = 20, yellow = 50",tensor([[0.0559]]),<m> purple = 30 </m>
509,twenty purple block 's thirty,"green = 10, purple = 30, yellow = 10",tensor([[0.0675]]),<m> purple = 30 </m>
510,twenty purple block 's thirty,"green = 10, purple = 30, yellow = 20",tensor([[0.0572]]),<m> purple = 30 </m>
511,twenty purple block 's thirty,"green = 10, purple = 30, yellow = 30",tensor([[0.0555]]),<m> purple = 30 </m>
512,twenty purple block 's thirty,"green = 10, purple = 30, yellow = 40",tensor([[0.0608]]),<m> purple = 30 </m>
513,twenty purple block 's thirty,"green = 10, purple = 30, yellow = 50",tensor([[0.0518]]),<m> purple = 30 </m>
514,twenty purple block 's thirty,"green = 10, purple = 40, yellow = 20",tensor([[0.0544]]),<m> purple = 30 </m>
515,twenty purple block 's thirty,"green = 10, purple = 40, yellow = 30",tensor([[0.0545]]),<m> purple = 30 </m>
516,twenty purple block 's thirty,"green = 10, purple = 50, yellow = 20",tensor([[0.0529]]),<m> purple = 30 </m>
517,twenty purple block 's thirty,"green = 10, purple = 50, yellow = 30",tensor([[0.0654]]),<m> purple = 30 </m>
518,twenty purple block 's thirty,"green = 20, purple = 10, yellow = 10",tensor([[0.0618]]),<m> purple = 30 </m>
519,twenty purple block 's thirty,"green = 20, purple = 10, yellow = 20",tensor([[0.0583]]),<m> purple = 30 </m>
520,twenty purple block 's thirty,"green = 20, purple = 10, yellow = 30",tensor([[0.0643]]),<m> purple = 30 </m>
521,twenty purple block 's thirty,"green = 20, purple = 10, yellow = 40",tensor([[0.0575]]),<m> purple = 30 </m>
522,twenty purple block 's thirty,"green = 20, purple = 10, yellow = 50",tensor([[0.0664]]),<m> purple = 30 </m>
523,twenty purple block 's thirty,"green = 20, purple = 20, yellow = 10",tensor([[0.0634]]),<m> purple = 30 </m>
524,twenty purple block 's thirty,"green = 20, purple = 20, yellow = 20",tensor([[0.0532]]),<m> purple = 30 </m>
525,twenty purple block 's thirty,"green = 20, purple = 20, yellow = 30",tensor([[0.0559]]),<m> purple = 30 </m>
526,twenty purple block 's thirty,"green = 20, purple = 20, yellow = 40",tensor([[0.0570]]),<m> purple = 30 </m>
527,twenty purple block 's thirty,"green = 20, purple = 20, yellow = 50",tensor([[0.0597]]),<m> purple = 30 </m>
528,twenty purple block 's thirty,"green = 20, purple = 30, yellow = 10",tensor([[0.0593]]),<m> purple = 30 </m>
529,twenty purple block 's thirty,"green = 20, purple = 30, yellow = 20",tensor([[0.0627]]),<m> purple = 30 </m>
530,twenty purple block 's thirty,"green = 20, purple = 30, yellow = 30",tensor([[0.0617]]),<m> purple = 30 </m>
531,twenty purple block 's thirty,"green = 20, purple = 30, yellow = 40",tensor([[0.0597]]),<m> purple = 30 </m>
532,twenty purple block 's thirty,"green = 20, purple = 30, yellow = 50",tensor([[0.0544]]),<m> purple = 30 </m>
533,twenty purple block 's thirty,"green = 20, purple = 40, yellow = 10",tensor([[0.0612]]),<m> purple = 30 </m>
534,twenty purple block 's thirty,"green = 20, purple = 40, yellow = 20",tensor([[0.0607]]),<m> purple = 30 </m>
535,twenty purple block 's thirty,"green = 20, purple = 40, yellow = 30",tensor([[0.0613]]),<m> purple = 30 </m>
536,twenty purple block 's thirty,"green = 20, purple = 40, yellow = 40",tensor([[0.0593]]),<m> purple = 30 </m>
537,twenty purple block 's thirty,"green = 20, purple = 40, yellow = 50",tensor([[0.0568]]),<m> purple = 30 </m>
538,twenty purple block 's thirty,"green = 20, purple = 50, yellow = 10",tensor([[0.0723]]),<m> purple = 30 </m>
539,twenty purple block 's thirty,"green = 20, purple = 50, yellow = 20",tensor([[0.0604]]),<m> purple = 30 </m>
540,twenty purple block 's thirty,"green = 20, purple = 50, yellow = 30",tensor([[0.0583]]),<m> purple = 30 </m>
541,twenty purple block 's thirty,"green = 20, purple = 50, yellow = 40",tensor([[0.0568]]),<m> purple = 30 </m>
542,twenty purple block 's thirty,"green = 20, purple = 50, yellow = 50",tensor([[0.0569]]),<m> purple = 30 </m>
543,twenty purple block 's thirty,"green = 30, purple = 10, yellow = 10",tensor([[0.0547]]),<m> purple = 30 </m>
544,twenty purple block 's thirty,"green = 30, purple = 10, yellow = 20",tensor([[0.0653]]),<m> purple = 30 </m>
545,twenty purple block 's thirty,"green = 30, purple = 10, yellow = 30",tensor([[0.0781]]),<m> purple = 30 </m>
546,twenty purple block 's thirty,"green = 30, purple = 10, yellow = 40",tensor([[0.0601]]),<m> purple = 30 </m>
547,twenty purple block 's thirty,"green = 30, purple = 10, yellow = 50",tensor([[0.0704]]),<m> purple = 30 </m>
548,twenty purple block 's thirty,"green = 30, purple = 20, yellow = 10",tensor([[0.0637]]),<m> purple = 30 </m>
549,twenty purple block 's thirty,"green = 30, purple = 20, yellow = 20",tensor([[0.0577]]),<m> purple = 30 </m>
550,twenty purple block 's thirty,"green = 30, purple = 20, yellow = 30",tensor([[0.0702]]),<m> purple = 30 </m>
551,twenty purple block 's thirty,"green = 30, purple = 20, yellow = 40",tensor([[0.0561]]),<m> purple = 30 </m>
552,twenty purple block 's thirty,"green = 30, purple = 20, yellow = 50",tensor([[0.0599]]),<m> purple = 30 </m>
553,twenty purple block 's thirty,"green = 30, purple = 30, yellow = 10",tensor([[0.1017]]),<m> purple = 30 </m>
554,twenty purple block 's thirty,"green = 30, purple = 30, yellow = 20",tensor([[0.0596]]),<m> purple = 30 </m>
555,twenty purple block 's thirty,"green = 30, purple = 30, yellow = 30",tensor([[0.0646]]),<m> purple = 30 </m>
556,twenty purple block 's thirty,"green = 30, purple = 30, yellow = 40",tensor([[0.0606]]),<m> purple = 30 </m>
557,twenty purple block 's thirty,"green = 30, purple = 30, yellow = 50",tensor([[0.0587]]),<m> purple = 30 </m>
558,twenty purple block 's thirty,"green = 30, purple = 40, yellow = 10",tensor([[0.1027]]),<m> purple = 30 </m>
559,twenty purple block 's thirty,"green = 30, purple = 40, yellow = 20",tensor([[0.0601]]),<m> purple = 30 </m>
560,twenty purple block 's thirty,"green = 30, purple = 40, yellow = 30",tensor([[0.0599]]),<m> purple = 30 </m>
561,twenty purple block 's thirty,"green = 30, purple = 40, yellow = 40",tensor([[0.0621]]),<m> purple = 30 </m>
562,twenty purple block 's thirty,"green = 30, purple = 40, yellow = 50",tensor([[0.0611]]),<m> purple = 30 </m>
563,twenty purple block 's thirty,"green = 30, purple = 50, yellow = 10",tensor([[0.1136]]),<m> purple = 30 </m>
564,twenty purple block 's thirty,"green = 30, purple = 50, yellow = 20",tensor([[0.0669]]),<m> purple = 30 </m>
565,twenty purple block 's thirty,"green = 30, purple = 50, yellow = 30",tensor([[0.0610]]),<m> purple = 30 </m>
566,twenty purple block 's thirty,"green = 30, purple = 50, yellow = 40",tensor([[0.0608]]),<m> purple = 30 </m>
567,twenty purple block 's thirty,"green = 30, purple = 50, yellow = 50",tensor([[0.0598]]),<m> purple = 30 </m>
568,twenty purple block 's thirty,"green = 40, purple = 10, yellow = 20",tensor([[0.0592]]),<m> purple = 30 </m>
569,twenty purple block 's thirty,"green = 40, purple = 10, yellow = 30",tensor([[0.0695]]),<m> purple = 30 </m>
570,twenty purple block 's thirty,"green = 40, purple = 20, yellow = 10",tensor([[0.0623]]),<m> purple = 30 </m>
571,twenty purple block 's thirty,"green = 40, purple = 20, yellow = 20",tensor([[0.0603]]),<m> purple = 30 </m>
572,twenty purple block 's thirty,"green = 40, purple = 20, yellow = 30",tensor([[0.0683]]),<m> purple = 30 </m>
573,twenty purple block 's thirty,"green = 40, purple = 20, yellow = 40",tensor([[0.0593]]),<m> purple = 30 </m>
574,twenty purple block 's thirty,"green = 40, purple = 20, yellow = 50",tensor([[0.0533]]),<m> purple = 30 </m>
575,twenty purple block 's thirty,"green = 40, purple = 30, yellow = 10",tensor([[0.0662]]),<m> purple = 30 </m>
576,twenty purple block 's thirty,"green = 40, purple = 30, yellow = 20",tensor([[0.0613]]),<m> purple = 30 </m>
577,twenty purple block 's thirty,"green = 40, purple = 30, yellow = 30",tensor([[0.0616]]),<m> purple = 30 </m>
578,twenty purple block 's thirty,"green = 40, purple = 30, yellow = 40",tensor([[0.0600]]),<m> purple = 30 </m>
579,twenty purple block 's thirty,"green = 40, purple = 30, yellow = 50",tensor([[0.0511]]),<m> purple = 30 </m>
580,twenty purple block 's thirty,"green = 40, purple = 40, yellow = 20",tensor([[0.0493]]),<m> purple = 30 </m>
581,twenty purple block 's thirty,"green = 40, purple = 40, yellow = 30",tensor([[0.0707]]),<m> purple = 30 </m>
582,twenty purple block 's thirty,"green = 40, purple = 50, yellow = 20",tensor([[0.0456]]),<m> purple = 30 </m>
583,twenty purple block 's thirty,"green = 40, purple = 50, yellow = 30",tensor([[0.0568]]),<m> purple = 30 </m>
584,twenty purple block 's thirty,"green = 50, purple = 10, yellow = 20",tensor([[0.0607]]),<m> purple = 30 </m>
585,twenty purple block 's thirty,"green = 50, purple = 10, yellow = 30",tensor([[0.0793]]),<m> purple = 30 </m>
586,twenty purple block 's thirty,"green = 50, purple = 20, yellow = 10",tensor([[0.0785]]),<m> purple = 30 </m>
587,twenty purple block 's thirty,"green = 50, purple = 20, yellow = 20",tensor([[0.0551]]),<m> purple = 30 </m>
588,twenty purple block 's thirty,"green = 50, purple = 20, yellow = 30",tensor([[0.0699]]),<m> purple = 30 </m>
589,twenty purple block 's thirty,"green = 50, purple = 20, yellow = 40",tensor([[0.0608]]),<m> purple = 30 </m>
590,twenty purple block 's thirty,"green = 50, purple = 20, yellow = 50",tensor([[0.0640]]),<m> purple = 30 </m>
591,twenty purple block 's thirty,"green = 50, purple = 30, yellow = 10",tensor([[0.0860]]),<m> purple = 30 </m>
592,twenty purple block 's thirty,"green = 50, purple = 30, yellow = 20",tensor([[0.0636]]),<m> purple = 30 </m>
593,twenty purple block 's thirty,"green = 50, purple = 30, yellow = 30",tensor([[0.0704]]),<m> purple = 30 </m>
594,twenty purple block 's thirty,"green = 50, purple = 30, yellow = 40",tensor([[0.0592]]),<m> purple = 30 </m>
595,twenty purple block 's thirty,"green = 50, purple = 30, yellow = 50",tensor([[0.0580]]),<m> purple = 30 </m>
596,twenty purple block 's thirty,"green = 50, purple = 40, yellow = 20",tensor([[0.0460]]),<m> purple = 30 </m>
597,twenty purple block 's thirty,"green = 50, purple = 40, yellow = 30",tensor([[0.0594]]),<m> purple = 30 </m>
598,twenty purple block 's thirty,"green = 50, purple = 50, yellow = 20",tensor([[0.0535]]),<m> purple = 30 </m>
599,twenty purple block 's thirty,"green = 50, purple = 50, yellow = 30",tensor([[0.0671]]),<m> purple = 30 </m>
600,twenty purple block 's thirty,"purple = 20, red = 10",tensor([[0.6195]]),<m> purple = 30 </m>
601,twenty purple block 's thirty,"purple = 30, red = 10",tensor([[0.4157]]),<m> purple = 30 </m>
602,twenty purple block 's thirty,"purple = 10, red = 20",tensor([[0.4740]]),<m> purple = 30 </m>
603,twenty purple block 's thirty,"purple = 20, red = 20",tensor([[0.3738]]),<m> purple = 30 </m>
604,twenty purple block 's thirty,"purple = 30, red = 20",tensor([[0.2656]]),<m> purple = 30 </m>
605,twenty purple block 's thirty,"purple = 40, red = 20",tensor([[0.2714]]),<m> purple = 30 </m>
606,twenty purple block 's thirty,"purple = 50, red = 20",tensor([[0.3563]]),<m> purple = 30 </m>
607,twenty purple block 's thirty,"purple = 10, red = 30",tensor([[0.4029]]),<m> purple = 30 </m>
608,twenty purple block 's thirty,"purple = 20, red = 30",tensor([[0.2526]]),<m> purple = 30 </m>
609,twenty purple block 's thirty,"purple = 30, red = 30",tensor([[0.2579]]),<m> purple = 30 </m>
610,twenty purple block 's thirty,"purple = 40, red = 30",tensor([[0.2702]]),<m> purple = 30 </m>
611,twenty purple block 's thirty,"purple = 50, red = 30",tensor([[0.3417]]),<m> purple = 30 </m>
612,twenty purple block 's thirty,"purple = 20, red = 40",tensor([[0.2528]]),<m> purple = 30 </m>
613,twenty purple block 's thirty,"purple = 30, red = 40",tensor([[0.2271]]),<m> purple = 30 </m>
614,twenty purple block 's thirty,"purple = 20, red = 50",tensor([[0.3229]]),<m> purple = 30 </m>
615,twenty purple block 's thirty,"purple = 30, red = 50",tensor([[0.2203]]),<m> purple = 30 </m>
616,twenty purple block 's thirty,"blue = 10, purple = 20",tensor([[0.4441]]),<m> purple = 30 </m>
617,twenty purple block 's thirty,"blue = 10, purple = 30",tensor([[0.4619]]),<m> purple = 30 </m>
618,twenty purple block 's thirty,"blue = 20, purple = 10",tensor([[0.4105]]),<m> purple = 30 </m>
619,twenty purple block 's thirty,"blue = 20, purple = 20",tensor([[0.3378]]),<m> purple = 30 </m>
620,twenty purple block 's thirty,"blue = 20, purple = 30",tensor([[0.2093]]),<m> purple = 30 </m>
621,twenty purple block 's thirty,"blue = 20, purple = 40",tensor([[0.2031]]),<m> purple = 30 </m>
622,twenty purple block 's thirty,"blue = 20, purple = 50",tensor([[0.2853]]),<m> purple = 30 </m>
623,twenty purple block 's thirty,"blue = 30, purple = 10",tensor([[0.5076]]),<m> purple = 30 </m>
624,twenty purple block 's thirty,"blue = 30, purple = 20",tensor([[0.2663]]),<m> purple = 30 </m>
625,twenty purple block 's thirty,"blue = 30, purple = 30",tensor([[0.2827]]),<m> purple = 30 </m>
626,twenty purple block 's thirty,"blue = 30, purple = 40",tensor([[0.2409]]),<m> purple = 30 </m>
627,twenty purple block 's thirty,"blue = 30, purple = 50",tensor([[0.2120]]),<m> purple = 30 </m>
628,twenty purple block 's thirty,"blue = 40, purple = 20",tensor([[0.2434]]),<m> purple = 30 </m>
629,twenty purple block 's thirty,"blue = 40, purple = 30",tensor([[0.2416]]),<m> purple = 30 </m>
630,twenty purple block 's thirty,"blue = 50, purple = 20",tensor([[0.3480]]),<m> purple = 30 </m>
631,twenty purple block 's thirty,"blue = 50, purple = 30",tensor([[0.3530]]),<m> purple = 30 </m>
632,twenty purple block 's thirty,"green = 10, purple = 20",tensor([[0.4836]]),<m> purple = 30 </m>
633,twenty purple block 's thirty,"green = 10, purple = 30",tensor([[0.5308]]),<m> purple = 30 </m>
634,twenty purple block 's thirty,"green = 20, purple = 10",tensor([[0.4847]]),<m> purple = 30 </m>
635,twenty purple block 's thirty,"green = 20, purple = 20",tensor([[0.3709]]),<m> purple = 30 </m>
636,twenty purple block 's thirty,"green = 20, purple = 30",tensor([[0.2416]]),<m> purple = 30 </m>
637,twenty purple block 's thirty,"green = 20, purple = 40",tensor([[0.2224]]),<m> purple = 30 </m>
638,twenty purple block 's thirty,"green = 20, purple = 50",tensor([[0.3217]]),<m> purple = 30 </m>
639,twenty purple block 's thirty,"green = 30, purple = 10",tensor([[0.4471]]),<m> purple = 30 </m>
640,twenty purple block 's thirty,"green = 30, purple = 20",tensor([[0.2404]]),<m> purple = 30 </m>
641,twenty purple block 's thirty,"green = 30, purple = 30",tensor([[0.2643]]),<m> purple = 30 </m>
642,twenty purple block 's thirty,"green = 30, purple = 40",tensor([[0.1995]]),<m> purple = 30 </m>
643,twenty purple block 's thirty,"green = 30, purple = 50",tensor([[0.2809]]),<m> purple = 30 </m>
644,twenty purple block 's thirty,"green = 40, purple = 20",tensor([[0.2455]]),<m> purple = 30 </m>
645,twenty purple block 's thirty,"green = 40, purple = 30",tensor([[0.2243]]),<m> purple = 30 </m>
646,twenty purple block 's thirty,"green = 50, purple = 20",tensor([[0.3401]]),<m> purple = 30 </m>
647,twenty purple block 's thirty,"green = 50, purple = 30",tensor([[0.3412]]),<m> purple = 30 </m>
648,twenty purple block 's thirty,"purple = 10, yellow = 20",tensor([[0.5302]]),<m> purple = 30 </m>
649,twenty purple block 's thirty,"purple = 10, yellow = 30",tensor([[0.4242]]),<m> purple = 30 </m>
650,twenty purple block 's thirty,"purple = 20, yellow = 10",tensor([[0.6089]]),<m> purple = 30 </m>
651,twenty purple block 's thirty,"purple = 20, yellow = 20",tensor([[0.3677]]),<m> purple = 30 </m>
652,twenty purple block 's thirty,"purple = 20, yellow = 30",tensor([[0.2899]]),<m> purple = 30 </m>
653,twenty purple block 's thirty,"purple = 20, yellow = 40",tensor([[0.3757]]),<m> purple = 30 </m>
654,twenty purple block 's thirty,"purple = 20, yellow = 50",tensor([[0.4292]]),<m> purple = 30 </m>
655,twenty purple block 's thirty,"purple = 30, yellow = 10",tensor([[0.4524]]),<m> purple = 30 </m>
656,twenty purple block 's thirty,"purple = 30, yellow = 20",tensor([[0.2532]]),<m> purple = 30 </m>
657,twenty purple block 's thirty,"purple = 30, yellow = 30",tensor([[0.2670]]),<m> purple = 30 </m>
658,twenty purple block 's thirty,"purple = 30, yellow = 40",tensor([[0.2137]]),<m> purple = 30 </m>
659,twenty purple block 's thirty,"purple = 30, yellow = 50",tensor([[0.3127]]),<m> purple = 30 </m>
660,twenty purple block 's thirty,"purple = 40, yellow = 20",tensor([[0.3360]]),<m> purple = 30 </m>
661,twenty purple block 's thirty,"purple = 40, yellow = 30",tensor([[0.2283]]),<m> purple = 30 </m>
662,twenty purple block 's thirty,"purple = 50, yellow = 20",tensor([[0.3364]]),<m> purple = 30 </m>
663,twenty purple block 's thirty,"purple = 50, yellow = 30",tensor([[0.3164]]),<m> purple = 30 </m>
664,twenty purple block 's thirty,"blue = 10, green = 10, purple = 20, red = 10",tensor([[0.0522]]),<m> purple = 30 </m>
665,twenty purple block 's thirty,"blue = 10, green = 10, purple = 30, red = 10",tensor([[0.0497]]),<m> purple = 30 </m>
666,twenty purple block 's thirty,"blue = 10, green = 20, purple = 10, red = 10",tensor([[0.0456]]),<m> purple = 30 </m>
667,twenty purple block 's thirty,"blue = 10, green = 20, purple = 20, red = 10",tensor([[0.0461]]),<m> purple = 30 </m>
668,twenty purple block 's thirty,"blue = 10, green = 20, purple = 30, red = 10",tensor([[0.0452]]),<m> purple = 30 </m>
669,twenty purple block 's thirty,"blue = 10, green = 20, purple = 40, red = 10",tensor([[0.0551]]),<m> purple = 30 </m>
670,twenty purple block 's thirty,"blue = 10, green = 20, purple = 50, red = 10",tensor([[0.0505]]),<m> purple = 30 </m>
671,twenty purple block 's thirty,"blue = 10, green = 30, purple = 10, red = 10",tensor([[0.0470]]),<m> purple = 30 </m>
672,twenty purple block 's thirty,"blue = 10, green = 30, purple = 20, red = 10",tensor([[0.0465]]),<m> purple = 30 </m>
673,twenty purple block 's thirty,"blue = 10, green = 30, purple = 30, red = 10",tensor([[0.0473]]),<m> purple = 30 </m>
674,twenty purple block 's thirty,"blue = 10, green = 30, purple = 40, red = 10",tensor([[0.0644]]),<m> purple = 30 </m>
675,twenty purple block 's thirty,"blue = 10, green = 30, purple = 50, red = 10",tensor([[0.0622]]),<m> purple = 30 </m>
676,twenty purple block 's thirty,"blue = 10, green = 40, purple = 20, red = 10",tensor([[0.0551]]),<m> purple = 30 </m>
677,twenty purple block 's thirty,"blue = 10, green = 40, purple = 30, red = 10",tensor([[0.0591]]),<m> purple = 30 </m>
678,twenty purple block 's thirty,"blue = 10, green = 50, purple = 20, red = 10",tensor([[0.0521]]),<m> purple = 30 </m>
679,twenty purple block 's thirty,"blue = 10, green = 50, purple = 30, red = 10",tensor([[0.0586]]),<m> purple = 30 </m>
680,twenty purple block 's thirty,"blue = 10, purple = 10, red = 10, yellow = 20",tensor([[0.0490]]),<m> purple = 30 </m>
681,twenty purple block 's thirty,"blue = 10, purple = 10, red = 10, yellow = 30",tensor([[0.0497]]),<m> purple = 30 </m>
682,twenty purple block 's thirty,"blue = 10, purple = 20, red = 10, yellow = 10",tensor([[0.0536]]),<m> purple = 30 </m>
683,twenty purple block 's thirty,"blue = 10, purple = 20, red = 10, yellow = 20",tensor([[0.0483]]),<m> purple = 30 </m>
684,twenty purple block 's thirty,"blue = 10, purple = 20, red = 10, yellow = 30",tensor([[0.0509]]),<m> purple = 30 </m>
685,twenty purple block 's thirty,"blue = 10, purple = 20, red = 10, yellow = 40",tensor([[0.0531]]),<m> purple = 30 </m>
686,twenty purple block 's thirty,"blue = 10, purple = 20, red = 10, yellow = 50",tensor([[0.0507]]),<m> purple = 30 </m>
687,twenty purple block 's thirty,"blue = 10, purple = 30, red = 10, yellow = 10",tensor([[0.0491]]),<m> purple = 30 </m>
688,twenty purple block 's thirty,"blue = 10, purple = 30, red = 10, yellow = 20",tensor([[0.0519]]),<m> purple = 30 </m>
689,twenty purple block 's thirty,"blue = 10, purple = 30, red = 10, yellow = 30",tensor([[0.0481]]),<m> purple = 30 </m>
690,twenty purple block 's thirty,"blue = 10, purple = 30, red = 10, yellow = 40",tensor([[0.0467]]),<m> purple = 30 </m>
691,twenty purple block 's thirty,"blue = 10, purple = 30, red = 10, yellow = 50",tensor([[0.0469]]),<m> purple = 30 </m>
692,twenty purple block 's thirty,"blue = 10, purple = 40, red = 10, yellow = 20",tensor([[0.0467]]),<m> purple = 30 </m>
693,twenty purple block 's thirty,"blue = 10, purple = 40, red = 10, yellow = 30",tensor([[0.0469]]),<m> purple = 30 </m>
694,twenty purple block 's thirty,"blue = 10, purple = 50, red = 10, yellow = 20",tensor([[0.0479]]),<m> purple = 30 </m>
695,twenty purple block 's thirty,"blue = 10, purple = 50, red = 10, yellow = 30",tensor([[0.0497]]),<m> purple = 30 </m>
696,twenty purple block 's thirty,"blue = 20, green = 10, purple = 10, red = 10",tensor([[0.0485]]),<m> purple = 30 </m>
697,twenty purple block 's thirty,"blue = 20, green = 10, purple = 20, red = 10",tensor([[0.0482]]),<m> purple = 30 </m>
698,twenty purple block 's thirty,"blue = 20, green = 10, purple = 30, red = 10",tensor([[0.0534]]),<m> purple = 30 </m>
699,twenty purple block 's thirty,"blue = 20, green = 10, purple = 40, red = 10",tensor([[0.0545]]),<m> purple = 30 </m>
700,twenty purple block 's thirty,"blue = 20, green = 10, purple = 50, red = 10",tensor([[0.0454]]),<m> purple = 30 </m>
701,twenty purple block 's thirty,"blue = 20, green = 20, purple = 10, red = 10",tensor([[0.0464]]),<m> purple = 30 </m>
702,twenty purple block 's thirty,"blue = 20, green = 20, purple = 20, red = 10",tensor([[0.0456]]),<m> purple = 30 </m>
703,twenty purple block 's thirty,"blue = 20, green = 20, purple = 30, red = 10",tensor([[0.0547]]),<m> purple = 30 </m>
704,twenty purple block 's thirty,"blue = 20, green = 20, purple = 40, red = 10",tensor([[0.0498]]),<m> purple = 30 </m>
705,twenty purple block 's thirty,"blue = 20, green = 20, purple = 50, red = 10",tensor([[0.0528]]),<m> purple = 30 </m>
706,twenty purple block 's thirty,"blue = 20, green = 30, purple = 10, red = 10",tensor([[0.0547]]),<m> purple = 30 </m>
707,twenty purple block 's thirty,"blue = 20, green = 30, purple = 20, red = 10",tensor([[0.0454]]),<m> purple = 30 </m>
708,twenty purple block 's thirty,"blue = 20, green = 30, purple = 30, red = 10",tensor([[0.0532]]),<m> purple = 30 </m>
709,twenty purple block 's thirty,"blue = 20, green = 30, purple = 40, red = 10",tensor([[0.0647]]),<m> purple = 30 </m>
710,twenty purple block 's thirty,"blue = 20, green = 30, purple = 50, red = 10",tensor([[0.0661]]),<m> purple = 30 </m>
711,twenty purple block 's thirty,"blue = 20, green = 40, purple = 10, red = 10",tensor([[0.0499]]),<m> purple = 30 </m>
712,twenty purple block 's thirty,"blue = 20, green = 40, purple = 20, red = 10",tensor([[0.0593]]),<m> purple = 30 </m>
713,twenty purple block 's thirty,"blue = 20, green = 40, purple = 30, red = 10",tensor([[0.0604]]),<m> purple = 30 </m>
714,twenty purple block 's thirty,"blue = 20, green = 40, purple = 40, red = 10",tensor([[0.0600]]),<m> purple = 30 </m>
715,twenty purple block 's thirty,"blue = 20, green = 40, purple = 50, red = 10",tensor([[0.0531]]),<m> purple = 30 </m>
716,twenty purple block 's thirty,"blue = 20, green = 50, purple = 10, red = 10",tensor([[0.0484]]),<m> purple = 30 </m>
717,twenty purple block 's thirty,"blue = 20, green = 50, purple = 20, red = 10",tensor([[0.0579]]),<m> purple = 30 </m>
718,twenty purple block 's thirty,"blue = 20, green = 50, purple = 30, red = 10",tensor([[0.0599]]),<m> purple = 30 </m>
719,twenty purple block 's thirty,"blue = 20, green = 50, purple = 40, red = 10",tensor([[0.0527]]),<m> purple = 30 </m>
720,twenty purple block 's thirty,"blue = 20, green = 50, purple = 50, red = 10",tensor([[0.0515]]),<m> purple = 30 </m>
721,twenty purple block 's thirty,"blue = 20, purple = 10, red = 10, yellow = 10",tensor([[0.0538]]),<m> purple = 30 </m>
722,twenty purple block 's thirty,"blue = 20, purple = 10, red = 10, yellow = 20",tensor([[0.0556]]),<m> purple = 30 </m>
723,twenty purple block 's thirty,"blue = 20, purple = 10, red = 10, yellow = 30",tensor([[0.0519]]),<m> purple = 30 </m>
724,twenty purple block 's thirty,"blue = 20, purple = 10, red = 10, yellow = 40",tensor([[0.0546]]),<m> purple = 30 </m>
725,twenty purple block 's thirty,"blue = 20, purple = 10, red = 10, yellow = 50",tensor([[0.0513]]),<m> purple = 30 </m>
726,twenty purple block 's thirty,"blue = 20, purple = 20, red = 10, yellow = 10",tensor([[0.0490]]),<m> purple = 30 </m>
727,twenty purple block 's thirty,"blue = 20, purple = 20, red = 10, yellow = 20",tensor([[0.0520]]),<m> purple = 30 </m>
728,twenty purple block 's thirty,"blue = 20, purple = 20, red = 10, yellow = 30",tensor([[0.0481]]),<m> purple = 30 </m>
729,twenty purple block 's thirty,"blue = 20, purple = 20, red = 10, yellow = 40",tensor([[0.0549]]),<m> purple = 30 </m>
730,twenty purple block 's thirty,"blue = 20, purple = 20, red = 10, yellow = 50",tensor([[0.0513]]),<m> purple = 30 </m>
731,twenty purple block 's thirty,"blue = 20, purple = 30, red = 10, yellow = 10",tensor([[0.0502]]),<m> purple = 30 </m>
732,twenty purple block 's thirty,"blue = 20, purple = 30, red = 10, yellow = 20",tensor([[0.0528]]),<m> purple = 30 </m>
733,twenty purple block 's thirty,"blue = 20, purple = 30, red = 10, yellow = 30",tensor([[0.0488]]),<m> purple = 30 </m>
734,twenty purple block 's thirty,"blue = 20, purple = 30, red = 10, yellow = 40",tensor([[0.0524]]),<m> purple = 30 </m>
735,twenty purple block 's thirty,"blue = 20, purple = 30, red = 10, yellow = 50",tensor([[0.0468]]),<m> purple = 30 </m>
736,twenty purple block 's thirty,"blue = 20, purple = 40, red = 10, yellow = 10",tensor([[0.0550]]),<m> purple = 30 </m>
737,twenty purple block 's thirty,"blue = 20, purple = 40, red = 10, yellow = 20",tensor([[0.0490]]),<m> purple = 30 </m>
738,twenty purple block 's thirty,"blue = 20, purple = 40, red = 10, yellow = 30",tensor([[0.0499]]),<m> purple = 30 </m>
739,twenty purple block 's thirty,"blue = 20, purple = 40, red = 10, yellow = 40",tensor([[0.0465]]),<m> purple = 30 </m>
740,twenty purple block 's thirty,"blue = 20, purple = 40, red = 10, yellow = 50",tensor([[0.0475]]),<m> purple = 30 </m>
741,twenty purple block 's thirty,"blue = 20, purple = 50, red = 10, yellow = 10",tensor([[0.0509]]),<m> purple = 30 </m>
742,twenty purple block 's thirty,"blue = 20, purple = 50, red = 10, yellow = 20",tensor([[0.0520]]),<m> purple = 30 </m>
743,twenty purple block 's thirty,"blue = 20, purple = 50, red = 10, yellow = 30",tensor([[0.0540]]),<m> purple = 30 </m>
744,twenty purple block 's thirty,"blue = 20, purple = 50, red = 10, yellow = 40",tensor([[0.0527]]),<m> purple = 30 </m>
745,twenty purple block 's thirty,"blue = 20, purple = 50, red = 10, yellow = 50",tensor([[0.0493]]),<m> purple = 30 </m>
746,twenty purple block 's thirty,"blue = 30, green = 10, purple = 10, red = 10",tensor([[0.0537]]),<m> purple = 30 </m>
747,twenty purple block 's thirty,"blue = 30, green = 10, purple = 20, red = 10",tensor([[0.0485]]),<m> purple = 30 </m>
748,twenty purple block 's thirty,"blue = 30, green = 10, purple = 30, red = 10",tensor([[0.0542]]),<m> purple = 30 </m>
749,twenty purple block 's thirty,"blue = 30, green = 10, purple = 40, red = 10",tensor([[0.0498]]),<m> purple = 30 </m>
750,twenty purple block 's thirty,"blue = 30, green = 10, purple = 50, red = 10",tensor([[0.0473]]),<m> purple = 30 </m>
751,twenty purple block 's thirty,"blue = 30, green = 20, purple = 10, red = 10",tensor([[0.0461]]),<m> purple = 30 </m>
752,twenty purple block 's thirty,"blue = 30, green = 20, purple = 20, red = 10",tensor([[0.0478]]),<m> purple = 30 </m>
753,twenty purple block 's thirty,"blue = 30, green = 20, purple = 30, red = 10",tensor([[0.0493]]),<m> purple = 30 </m>
754,twenty purple block 's thirty,"blue = 30, green = 20, purple = 40, red = 10",tensor([[0.0610]]),<m> purple = 30 </m>
755,twenty purple block 's thirty,"blue = 30, green = 20, purple = 50, red = 10",tensor([[0.0498]]),<m> purple = 30 </m>
756,twenty purple block 's thirty,"blue = 30, green = 30, purple = 10, red = 10",tensor([[0.0571]]),<m> purple = 30 </m>
757,twenty purple block 's thirty,"blue = 30, green = 30, purple = 20, red = 10",tensor([[0.0518]]),<m> purple = 30 </m>
758,twenty purple block 's thirty,"blue = 30, green = 30, purple = 30, red = 10",tensor([[0.0516]]),<m> purple = 30 </m>
759,twenty purple block 's thirty,"blue = 30, green = 30, purple = 40, red = 10",tensor([[0.0582]]),<m> purple = 30 </m>
760,twenty purple block 's thirty,"blue = 30, green = 30, purple = 50, red = 10",tensor([[0.0515]]),<m> purple = 30 </m>
761,twenty purple block 's thirty,"blue = 30, green = 40, purple = 10, red = 10",tensor([[0.0431]]),<m> purple = 30 </m>
762,twenty purple block 's thirty,"blue = 30, green = 40, purple = 20, red = 10",tensor([[0.0580]]),<m> purple = 30 </m>
763,twenty purple block 's thirty,"blue = 30, green = 40, purple = 30, red = 10",tensor([[0.0531]]),<m> purple = 30 </m>
764,twenty purple block 's thirty,"blue = 30, green = 40, purple = 40, red = 10",tensor([[0.0484]]),<m> purple = 30 </m>
765,twenty purple block 's thirty,"blue = 30, green = 40, purple = 50, red = 10",tensor([[0.0568]]),<m> purple = 30 </m>
766,twenty purple block 's thirty,"blue = 30, green = 50, purple = 10, red = 10",tensor([[0.0514]]),<m> purple = 30 </m>
767,twenty purple block 's thirty,"blue = 30, green = 50, purple = 20, red = 10",tensor([[0.0507]]),<m> purple = 30 </m>
768,twenty purple block 's thirty,"blue = 30, green = 50, purple = 30, red = 10",tensor([[0.0506]]),<m> purple = 30 </m>
769,twenty purple block 's thirty,"blue = 30, green = 50, purple = 40, red = 10",tensor([[0.0497]]),<m> purple = 30 </m>
770,twenty purple block 's thirty,"blue = 30, green = 50, purple = 50, red = 10",tensor([[0.0563]]),<m> purple = 30 </m>
771,twenty purple block 's thirty,"blue = 30, purple = 10, red = 10, yellow = 10",tensor([[0.0476]]),<m> purple = 30 </m>
772,twenty purple block 's thirty,"blue = 30, purple = 10, red = 10, yellow = 20",tensor([[0.0560]]),<m> purple = 30 </m>
773,twenty purple block 's thirty,"blue = 30, purple = 10, red = 10, yellow = 30",tensor([[0.0493]]),<m> purple = 30 </m>
774,twenty purple block 's thirty,"blue = 30, purple = 10, red = 10, yellow = 40",tensor([[0.0513]]),<m> purple = 30 </m>
775,twenty purple block 's thirty,"blue = 30, purple = 10, red = 10, yellow = 50",tensor([[0.0538]]),<m> purple = 30 </m>
776,twenty purple block 's thirty,"blue = 30, purple = 20, red = 10, yellow = 10",tensor([[0.0524]]),<m> purple = 30 </m>
777,twenty purple block 's thirty,"blue = 30, purple = 20, red = 10, yellow = 20",tensor([[0.0520]]),<m> purple = 30 </m>
778,twenty purple block 's thirty,"blue = 30, purple = 20, red = 10, yellow = 30",tensor([[0.0538]]),<m> purple = 30 </m>
779,twenty purple block 's thirty,"blue = 30, purple = 20, red = 10, yellow = 40",tensor([[0.0535]]),<m> purple = 30 </m>
780,twenty purple block 's thirty,"blue = 30, purple = 20, red = 10, yellow = 50",tensor([[0.0502]]),<m> purple = 30 </m>
781,twenty purple block 's thirty,"blue = 30, purple = 30, red = 10, yellow = 10",tensor([[0.0590]]),<m> purple = 30 </m>
782,twenty purple block 's thirty,"blue = 30, purple = 30, red = 10, yellow = 20",tensor([[0.0444]]),<m> purple = 30 </m>
783,twenty purple block 's thirty,"blue = 30, purple = 30, red = 10, yellow = 30",tensor([[0.0455]]),<m> purple = 30 </m>
784,twenty purple block 's thirty,"blue = 30, purple = 30, red = 10, yellow = 40",tensor([[0.0539]]),<m> purple = 30 </m>
785,twenty purple block 's thirty,"blue = 30, purple = 30, red = 10, yellow = 50",tensor([[0.0514]]),<m> purple = 30 </m>
786,twenty purple block 's thirty,"blue = 30, purple = 40, red = 10, yellow = 10",tensor([[0.0508]]),<m> purple = 30 </m>
787,twenty purple block 's thirty,"blue = 30, purple = 40, red = 10, yellow = 20",tensor([[0.0493]]),<m> purple = 30 </m>
788,twenty purple block 's thirty,"blue = 30, purple = 40, red = 10, yellow = 30",tensor([[0.0505]]),<m> purple = 30 </m>
789,twenty purple block 's thirty,"blue = 30, purple = 40, red = 10, yellow = 40",tensor([[0.0476]]),<m> purple = 30 </m>
790,twenty purple block 's thirty,"blue = 30, purple = 40, red = 10, yellow = 50",tensor([[0.0510]]),<m> purple = 30 </m>
791,twenty purple block 's thirty,"blue = 30, purple = 50, red = 10, yellow = 10",tensor([[0.0588]]),<m> purple = 30 </m>
792,twenty purple block 's thirty,"blue = 30, purple = 50, red = 10, yellow = 20",tensor([[0.0429]]),<m> purple = 30 </m>
793,twenty purple block 's thirty,"blue = 30, purple = 50, red = 10, yellow = 30",tensor([[0.0483]]),<m> purple = 30 </m>
794,twenty purple block 's thirty,"blue = 30, purple = 50, red = 10, yellow = 40",tensor([[0.0508]]),<m> purple = 30 </m>
795,twenty purple block 's thirty,"blue = 30, purple = 50, red = 10, yellow = 50",tensor([[0.0508]]),<m> purple = 30 </m>
796,twenty purple block 's thirty,"blue = 40, green = 10, purple = 20, red = 10",tensor([[0.0478]]),<m> purple = 30 </m>
797,twenty purple block 's thirty,"blue = 40, green = 10, purple = 30, red = 10",tensor([[0.0589]]),<m> purple = 30 </m>
798,twenty purple block 's thirty,"blue = 40, green = 20, purple = 10, red = 10",tensor([[0.0394]]),<m> purple = 30 </m>
799,twenty purple block 's thirty,"blue = 40, green = 20, purple = 20, red = 10",tensor([[0.0510]]),<m> purple = 30 </m>
800,twenty purple block 's thirty,"blue = 40, green = 20, purple = 30, red = 10",tensor([[0.0602]]),<m> purple = 30 </m>
801,twenty purple block 's thirty,"blue = 40, green = 20, purple = 40, red = 10",tensor([[0.0577]]),<m> purple = 30 </m>
802,twenty purple block 's thirty,"blue = 40, green = 20, purple = 50, red = 10",tensor([[0.0489]]),<m> purple = 30 </m>
803,twenty purple block 's thirty,"blue = 40, green = 30, purple = 10, red = 10",tensor([[0.0576]]),<m> purple = 30 </m>
804,twenty purple block 's thirty,"blue = 40, green = 30, purple = 20, red = 10",tensor([[0.0583]]),<m> purple = 30 </m>
805,twenty purple block 's thirty,"blue = 40, green = 30, purple = 30, red = 10",tensor([[0.0505]]),<m> purple = 30 </m>
806,twenty purple block 's thirty,"blue = 40, green = 30, purple = 40, red = 10",tensor([[0.0654]]),<m> purple = 30 </m>
807,twenty purple block 's thirty,"blue = 40, green = 30, purple = 50, red = 10",tensor([[0.0650]]),<m> purple = 30 </m>
808,twenty purple block 's thirty,"blue = 40, green = 40, purple = 20, red = 10",tensor([[0.0581]]),<m> purple = 30 </m>
809,twenty purple block 's thirty,"blue = 40, green = 40, purple = 30, red = 10",tensor([[0.0623]]),<m> purple = 30 </m>
810,twenty purple block 's thirty,"blue = 40, green = 50, purple = 20, red = 10",tensor([[0.0486]]),<m> purple = 30 </m>
811,twenty purple block 's thirty,"blue = 40, green = 50, purple = 30, red = 10",tensor([[0.0523]]),<m> purple = 30 </m>
812,twenty purple block 's thirty,"blue = 40, purple = 10, red = 10, yellow = 20",tensor([[0.0515]]),<m> purple = 30 </m>
813,twenty purple block 's thirty,"blue = 40, purple = 10, red = 10, yellow = 30",tensor([[0.0471]]),<m> purple = 30 </m>
814,twenty purple block 's thirty,"blue = 40, purple = 20, red = 10, yellow = 10",tensor([[0.0488]]),<m> purple = 30 </m>
815,twenty purple block 's thirty,"blue = 40, purple = 20, red = 10, yellow = 20",tensor([[0.0492]]),<m> purple = 30 </m>
816,twenty purple block 's thirty,"blue = 40, purple = 20, red = 10, yellow = 30",tensor([[0.0504]]),<m> purple = 30 </m>
817,twenty purple block 's thirty,"blue = 40, purple = 20, red = 10, yellow = 40",tensor([[0.0497]]),<m> purple = 30 </m>
818,twenty purple block 's thirty,"blue = 40, purple = 20, red = 10, yellow = 50",tensor([[0.0434]]),<m> purple = 30 </m>
819,twenty purple block 's thirty,"blue = 40, purple = 30, red = 10, yellow = 10",tensor([[0.0536]]),<m> purple = 30 </m>
820,twenty purple block 's thirty,"blue = 40, purple = 30, red = 10, yellow = 20",tensor([[0.0512]]),<m> purple = 30 </m>
821,twenty purple block 's thirty,"blue = 40, purple = 30, red = 10, yellow = 30",tensor([[0.0472]]),<m> purple = 30 </m>
822,twenty purple block 's thirty,"blue = 40, purple = 30, red = 10, yellow = 40",tensor([[0.0501]]),<m> purple = 30 </m>
823,twenty purple block 's thirty,"blue = 40, purple = 30, red = 10, yellow = 50",tensor([[0.0524]]),<m> purple = 30 </m>
824,twenty purple block 's thirty,"blue = 40, purple = 40, red = 10, yellow = 20",tensor([[0.0500]]),<m> purple = 30 </m>
825,twenty purple block 's thirty,"blue = 40, purple = 40, red = 10, yellow = 30",tensor([[0.0539]]),<m> purple = 30 </m>
826,twenty purple block 's thirty,"blue = 40, purple = 50, red = 10, yellow = 20",tensor([[0.0520]]),<m> purple = 30 </m>
827,twenty purple block 's thirty,"blue = 40, purple = 50, red = 10, yellow = 30",tensor([[0.0471]]),<m> purple = 30 </m>
828,twenty purple block 's thirty,"blue = 50, green = 10, purple = 20, red = 10",tensor([[0.0486]]),<m> purple = 30 </m>
829,twenty purple block 's thirty,"blue = 50, green = 10, purple = 30, red = 10",tensor([[0.0598]]),<m> purple = 30 </m>
830,twenty purple block 's thirty,"blue = 50, green = 20, purple = 10, red = 10",tensor([[0.0427]]),<m> purple = 30 </m>
831,twenty purple block 's thirty,"blue = 50, green = 20, purple = 20, red = 10",tensor([[0.0451]]),<m> purple = 30 </m>
832,twenty purple block 's thirty,"blue = 50, green = 20, purple = 30, red = 10",tensor([[0.0536]]),<m> purple = 30 </m>
833,twenty purple block 's thirty,"blue = 50, green = 20, purple = 40, red = 10",tensor([[0.0585]]),<m> purple = 30 </m>
834,twenty purple block 's thirty,"blue = 50, green = 20, purple = 50, red = 10",tensor([[0.0449]]),<m> purple = 30 </m>
835,twenty purple block 's thirty,"blue = 50, green = 30, purple = 10, red = 10",tensor([[0.0562]]),<m> purple = 30 </m>
836,twenty purple block 's thirty,"blue = 50, green = 30, purple = 20, red = 10",tensor([[0.0596]]),<m> purple = 30 </m>
837,twenty purple block 's thirty,"blue = 50, green = 30, purple = 30, red = 10",tensor([[0.0585]]),<m> purple = 30 </m>
838,twenty purple block 's thirty,"blue = 50, green = 30, purple = 40, red = 10",tensor([[0.0643]]),<m> purple = 30 </m>
839,twenty purple block 's thirty,"blue = 50, green = 30, purple = 50, red = 10",tensor([[0.0604]]),<m> purple = 30 </m>
840,twenty purple block 's thirty,"blue = 50, green = 40, purple = 20, red = 10",tensor([[0.0559]]),<m> purple = 30 </m>
841,twenty purple block 's thirty,"blue = 50, green = 40, purple = 30, red = 10",tensor([[0.0553]]),<m> purple = 30 </m>
842,twenty purple block 's thirty,"blue = 50, green = 50, purple = 20, red = 10",tensor([[0.0488]]),<m> purple = 30 </m>
843,twenty purple block 's thirty,"blue = 50, green = 50, purple = 30, red = 10",tensor([[0.0528]]),<m> purple = 30 </m>
844,twenty purple block 's thirty,"blue = 50, purple = 10, red = 10, yellow = 20",tensor([[0.0495]]),<m> purple = 30 </m>
845,twenty purple block 's thirty,"blue = 50, purple = 10, red = 10, yellow = 30",tensor([[0.0477]]),<m> purple = 30 </m>
846,twenty purple block 's thirty,"blue = 50, purple = 20, red = 10, yellow = 10",tensor([[0.0449]]),<m> purple = 30 </m>
847,twenty purple block 's thirty,"blue = 50, purple = 20, red = 10, yellow = 20",tensor([[0.0538]]),<m> purple = 30 </m>
848,twenty purple block 's thirty,"blue = 50, purple = 20, red = 10, yellow = 30",tensor([[0.0525]]),<m> purple = 30 </m>
849,twenty purple block 's thirty,"blue = 50, purple = 20, red = 10, yellow = 40",tensor([[0.0506]]),<m> purple = 30 </m>
850,twenty purple block 's thirty,"blue = 50, purple = 20, red = 10, yellow = 50",tensor([[0.0513]]),<m> purple = 30 </m>
851,twenty purple block 's thirty,"blue = 50, purple = 30, red = 10, yellow = 10",tensor([[0.0517]]),<m> purple = 30 </m>
852,twenty purple block 's thirty,"blue = 50, purple = 30, red = 10, yellow = 20",tensor([[0.0539]]),<m> purple = 30 </m>
853,twenty purple block 's thirty,"blue = 50, purple = 30, red = 10, yellow = 30",tensor([[0.0515]]),<m> purple = 30 </m>
854,twenty purple block 's thirty,"blue = 50, purple = 30, red = 10, yellow = 40",tensor([[0.0499]]),<m> purple = 30 </m>
855,twenty purple block 's thirty,"blue = 50, purple = 30, red = 10, yellow = 50",tensor([[0.0472]]),<m> purple = 30 </m>
856,twenty purple block 's thirty,"blue = 50, purple = 40, red = 10, yellow = 20",tensor([[0.0475]]),<m> purple = 30 </m>
857,twenty purple block 's thirty,"blue = 50, purple = 40, red = 10, yellow = 30",tensor([[0.0487]]),<m> purple = 30 </m>
858,twenty purple block 's thirty,"blue = 50, purple = 50, red = 10, yellow = 20",tensor([[0.0446]]),<m> purple = 30 </m>
859,twenty purple block 's thirty,"blue = 50, purple = 50, red = 10, yellow = 30",tensor([[0.0488]]),<m> purple = 30 </m>
860,twenty purple block 's thirty,"green = 10, purple = 10, red = 10, yellow = 20",tensor([[0.0537]]),<m> purple = 30 </m>
861,twenty purple block 's thirty,"green = 10, purple = 10, red = 10, yellow = 30",tensor([[0.0493]]),<m> purple = 30 </m>
862,twenty purple block 's thirty,"green = 10, purple = 20, red = 10, yellow = 10",tensor([[0.0486]]),<m> purple = 30 </m>
863,twenty purple block 's thirty,"green = 10, purple = 20, red = 10, yellow = 20",tensor([[0.0516]]),<m> purple = 30 </m>
864,twenty purple block 's thirty,"green = 10, purple = 20, red = 10, yellow = 30",tensor([[0.0492]]),<m> purple = 30 </m>
865,twenty purple block 's thirty,"green = 10, purple = 20, red = 10, yellow = 40",tensor([[0.0482]]),<m> purple = 30 </m>
866,twenty purple block 's thirty,"green = 10, purple = 20, red = 10, yellow = 50",tensor([[0.0545]]),<m> purple = 30 </m>
867,twenty purple block 's thirty,"green = 10, purple = 30, red = 10, yellow = 10",tensor([[0.0480]]),<m> purple = 30 </m>
868,twenty purple block 's thirty,"green = 10, purple = 30, red = 10, yellow = 20",tensor([[0.0530]]),<m> purple = 30 </m>
869,twenty purple block 's thirty,"green = 10, purple = 30, red = 10, yellow = 30",tensor([[0.0498]]),<m> purple = 30 </m>
870,twenty purple block 's thirty,"green = 10, purple = 30, red = 10, yellow = 40",tensor([[0.0516]]),<m> purple = 30 </m>
871,twenty purple block 's thirty,"green = 10, purple = 30, red = 10, yellow = 50",tensor([[0.0472]]),<m> purple = 30 </m>
872,twenty purple block 's thirty,"green = 10, purple = 40, red = 10, yellow = 20",tensor([[0.0495]]),<m> purple = 30 </m>
873,twenty purple block 's thirty,"green = 10, purple = 40, red = 10, yellow = 30",tensor([[0.0481]]),<m> purple = 30 </m>
874,twenty purple block 's thirty,"green = 10, purple = 50, red = 10, yellow = 20",tensor([[0.0529]]),<m> purple = 30 </m>
875,twenty purple block 's thirty,"green = 10, purple = 50, red = 10, yellow = 30",tensor([[0.0508]]),<m> purple = 30 </m>
876,twenty purple block 's thirty,"green = 20, purple = 10, red = 10, yellow = 10",tensor([[0.0490]]),<m> purple = 30 </m>
877,twenty purple block 's thirty,"green = 20, purple = 10, red = 10, yellow = 20",tensor([[0.0480]]),<m> purple = 30 </m>
878,twenty purple block 's thirty,"green = 20, purple = 10, red = 10, yellow = 30",tensor([[0.0508]]),<m> purple = 30 </m>
879,twenty purple block 's thirty,"green = 20, purple = 10, red = 10, yellow = 40",tensor([[0.0481]]),<m> purple = 30 </m>
880,twenty purple block 's thirty,"green = 20, purple = 10, red = 10, yellow = 50",tensor([[0.0531]]),<m> purple = 30 </m>
881,twenty purple block 's thirty,"green = 20, purple = 20, red = 10, yellow = 10",tensor([[0.0479]]),<m> purple = 30 </m>
882,twenty purple block 's thirty,"green = 20, purple = 20, red = 10, yellow = 20",tensor([[0.0476]]),<m> purple = 30 </m>
883,twenty purple block 's thirty,"green = 20, purple = 20, red = 10, yellow = 30",tensor([[0.0490]]),<m> purple = 30 </m>
884,twenty purple block 's thirty,"green = 20, purple = 20, red = 10, yellow = 40",tensor([[0.0486]]),<m> purple = 30 </m>
885,twenty purple block 's thirty,"green = 20, purple = 20, red = 10, yellow = 50",tensor([[0.0490]]),<m> purple = 30 </m>
886,twenty purple block 's thirty,"green = 20, purple = 30, red = 10, yellow = 10",tensor([[0.0541]]),<m> purple = 30 </m>
887,twenty purple block 's thirty,"green = 20, purple = 30, red = 10, yellow = 20",tensor([[0.0526]]),<m> purple = 30 </m>
888,twenty purple block 's thirty,"green = 20, purple = 30, red = 10, yellow = 30",tensor([[0.0474]]),<m> purple = 30 </m>
889,twenty purple block 's thirty,"green = 20, purple = 30, red = 10, yellow = 40",tensor([[0.0599]]),<m> purple = 30 </m>
890,twenty purple block 's thirty,"green = 20, purple = 30, red = 10, yellow = 50",tensor([[0.0524]]),<m> purple = 30 </m>
891,twenty purple block 's thirty,"green = 20, purple = 40, red = 10, yellow = 10",tensor([[0.0516]]),<m> purple = 30 </m>
892,twenty purple block 's thirty,"green = 20, purple = 40, red = 10, yellow = 20",tensor([[0.0526]]),<m> purple = 30 </m>
893,twenty purple block 's thirty,"green = 20, purple = 40, red = 10, yellow = 30",tensor([[0.0477]]),<m> purple = 30 </m>
894,twenty purple block 's thirty,"green = 20, purple = 40, red = 10, yellow = 40",tensor([[0.0515]]),<m> purple = 30 </m>
895,twenty purple block 's thirty,"green = 20, purple = 40, red = 10, yellow = 50",tensor([[0.0539]]),<m> purple = 30 </m>
896,twenty purple block 's thirty,"green = 20, purple = 50, red = 10, yellow = 10",tensor([[0.0519]]),<m> purple = 30 </m>
897,twenty purple block 's thirty,"green = 20, purple = 50, red = 10, yellow = 20",tensor([[0.0547]]),<m> purple = 30 </m>
898,twenty purple block 's thirty,"green = 20, purple = 50, red = 10, yellow = 30",tensor([[0.0497]]),<m> purple = 30 </m>
899,twenty purple block 's thirty,"green = 20, purple = 50, red = 10, yellow = 40",tensor([[0.0543]]),<m> purple = 30 </m>
900,twenty purple block 's thirty,"green = 20, purple = 50, red = 10, yellow = 50",tensor([[0.0537]]),<m> purple = 30 </m>
901,twenty purple block 's thirty,"green = 30, purple = 10, red = 10, yellow = 10",tensor([[0.0533]]),<m> purple = 30 </m>
902,twenty purple block 's thirty,"green = 30, purple = 10, red = 10, yellow = 20",tensor([[0.0569]]),<m> purple = 30 </m>
903,twenty purple block 's thirty,"green = 30, purple = 10, red = 10, yellow = 30",tensor([[0.0515]]),<m> purple = 30 </m>
904,twenty purple block 's thirty,"green = 30, purple = 10, red = 10, yellow = 40",tensor([[0.0518]]),<m> purple = 30 </m>
905,twenty purple block 's thirty,"green = 30, purple = 10, red = 10, yellow = 50",tensor([[0.0537]]),<m> purple = 30 </m>
906,twenty purple block 's thirty,"green = 30, purple = 20, red = 10, yellow = 10",tensor([[0.0471]]),<m> purple = 30 </m>
907,twenty purple block 's thirty,"green = 30, purple = 20, red = 10, yellow = 20",tensor([[0.0479]]),<m> purple = 30 </m>
908,twenty purple block 's thirty,"green = 30, purple = 20, red = 10, yellow = 30",tensor([[0.0544]]),<m> purple = 30 </m>
909,twenty purple block 's thirty,"green = 30, purple = 20, red = 10, yellow = 40",tensor([[0.0472]]),<m> purple = 30 </m>
910,twenty purple block 's thirty,"green = 30, purple = 20, red = 10, yellow = 50",tensor([[0.0523]]),<m> purple = 30 </m>
911,twenty purple block 's thirty,"green = 30, purple = 30, red = 10, yellow = 10",tensor([[0.0548]]),<m> purple = 30 </m>
912,twenty purple block 's thirty,"green = 30, purple = 30, red = 10, yellow = 20",tensor([[0.0504]]),<m> purple = 30 </m>
913,twenty purple block 's thirty,"green = 30, purple = 30, red = 10, yellow = 30",tensor([[0.0503]]),<m> purple = 30 </m>
914,twenty purple block 's thirty,"green = 30, purple = 30, red = 10, yellow = 40",tensor([[0.0498]]),<m> purple = 30 </m>
915,twenty purple block 's thirty,"green = 30, purple = 30, red = 10, yellow = 50",tensor([[0.0542]]),<m> purple = 30 </m>
916,twenty purple block 's thirty,"green = 30, purple = 40, red = 10, yellow = 10",tensor([[0.0523]]),<m> purple = 30 </m>
917,twenty purple block 's thirty,"green = 30, purple = 40, red = 10, yellow = 20",tensor([[0.0509]]),<m> purple = 30 </m>
918,twenty purple block 's thirty,"green = 30, purple = 40, red = 10, yellow = 30",tensor([[0.0536]]),<m> purple = 30 </m>
919,twenty purple block 's thirty,"green = 30, purple = 40, red = 10, yellow = 40",tensor([[0.0496]]),<m> purple = 30 </m>
920,twenty purple block 's thirty,"green = 30, purple = 40, red = 10, yellow = 50",tensor([[0.0464]]),<m> purple = 30 </m>
921,twenty purple block 's thirty,"green = 30, purple = 50, red = 10, yellow = 10",tensor([[0.0597]]),<m> purple = 30 </m>
922,twenty purple block 's thirty,"green = 30, purple = 50, red = 10, yellow = 20",tensor([[0.0432]]),<m> purple = 30 </m>
923,twenty purple block 's thirty,"green = 30, purple = 50, red = 10, yellow = 30",tensor([[0.0556]]),<m> purple = 30 </m>
924,twenty purple block 's thirty,"green = 30, purple = 50, red = 10, yellow = 40",tensor([[0.0510]]),<m> purple = 30 </m>
925,twenty purple block 's thirty,"green = 30, purple = 50, red = 10, yellow = 50",tensor([[0.0511]]),<m> purple = 30 </m>
926,twenty purple block 's thirty,"green = 40, purple = 10, red = 10, yellow = 20",tensor([[0.0553]]),<m> purple = 30 </m>
927,twenty purple block 's thirty,"green = 40, purple = 10, red = 10, yellow = 30",tensor([[0.0492]]),<m> purple = 30 </m>
928,twenty purple block 's thirty,"green = 40, purple = 20, red = 10, yellow = 10",tensor([[0.0459]]),<m> purple = 30 </m>
929,twenty purple block 's thirty,"green = 40, purple = 20, red = 10, yellow = 20",tensor([[0.0496]]),<m> purple = 30 </m>
930,twenty purple block 's thirty,"green = 40, purple = 20, red = 10, yellow = 30",tensor([[0.0472]]),<m> purple = 30 </m>
931,twenty purple block 's thirty,"green = 40, purple = 20, red = 10, yellow = 40",tensor([[0.0382]]),<m> purple = 30 </m>
932,twenty purple block 's thirty,"green = 40, purple = 20, red = 10, yellow = 50",tensor([[0.0454]]),<m> purple = 30 </m>
933,twenty purple block 's thirty,"green = 40, purple = 30, red = 10, yellow = 10",tensor([[0.0544]]),<m> purple = 30 </m>
934,twenty purple block 's thirty,"green = 40, purple = 30, red = 10, yellow = 20",tensor([[0.0486]]),<m> purple = 30 </m>
935,twenty purple block 's thirty,"green = 40, purple = 30, red = 10, yellow = 30",tensor([[0.0477]]),<m> purple = 30 </m>
936,twenty purple block 's thirty,"green = 40, purple = 30, red = 10, yellow = 40",tensor([[0.0572]]),<m> purple = 30 </m>
937,twenty purple block 's thirty,"green = 40, purple = 30, red = 10, yellow = 50",tensor([[0.0544]]),<m> purple = 30 </m>
938,twenty purple block 's thirty,"green = 40, purple = 40, red = 10, yellow = 20",tensor([[0.0506]]),<m> purple = 30 </m>
939,twenty purple block 's thirty,"green = 40, purple = 40, red = 10, yellow = 30",tensor([[0.0488]]),<m> purple = 30 </m>
940,twenty purple block 's thirty,"green = 40, purple = 50, red = 10, yellow = 20",tensor([[0.0503]]),<m> purple = 30 </m>
941,twenty purple block 's thirty,"green = 40, purple = 50, red = 10, yellow = 30",tensor([[0.0498]]),<m> purple = 30 </m>
942,twenty purple block 's thirty,"green = 50, purple = 10, red = 10, yellow = 20",tensor([[0.0542]]),<m> purple = 30 </m>
943,twenty purple block 's thirty,"green = 50, purple = 10, red = 10, yellow = 30",tensor([[0.0551]]),<m> purple = 30 </m>
944,twenty purple block 's thirty,"green = 50, purple = 20, red = 10, yellow = 10",tensor([[0.0442]]),<m> purple = 30 </m>
945,twenty purple block 's thirty,"green = 50, purple = 20, red = 10, yellow = 20",tensor([[0.0492]]),<m> purple = 30 </m>
946,twenty purple block 's thirty,"green = 50, purple = 20, red = 10, yellow = 30",tensor([[0.0521]]),<m> purple = 30 </m>
947,twenty purple block 's thirty,"green = 50, purple = 20, red = 10, yellow = 40",tensor([[0.0535]]),<m> purple = 30 </m>
948,twenty purple block 's thirty,"green = 50, purple = 20, red = 10, yellow = 50",tensor([[0.0481]]),<m> purple = 30 </m>
949,twenty purple block 's thirty,"green = 50, purple = 30, red = 10, yellow = 10",tensor([[0.0490]]),<m> purple = 30 </m>
950,twenty purple block 's thirty,"green = 50, purple = 30, red = 10, yellow = 20",tensor([[0.0490]]),<m> purple = 30 </m>
951,twenty purple block 's thirty,"green = 50, purple = 30, red = 10, yellow = 30",tensor([[0.0501]]),<m> purple = 30 </m>
952,twenty purple block 's thirty,"green = 50, purple = 30, red = 10, yellow = 40",tensor([[0.0512]]),<m> purple = 30 </m>
953,twenty purple block 's thirty,"green = 50, purple = 30, red = 10, yellow = 50",tensor([[0.0522]]),<m> purple = 30 </m>
954,twenty purple block 's thirty,"green = 50, purple = 40, red = 10, yellow = 20",tensor([[0.0505]]),<m> purple = 30 </m>
955,twenty purple block 's thirty,"green = 50, purple = 40, red = 10, yellow = 30",tensor([[0.0539]]),<m> purple = 30 </m>
956,twenty purple block 's thirty,"green = 50, purple = 50, red = 10, yellow = 20",tensor([[0.0460]]),<m> purple = 30 </m>
957,twenty purple block 's thirty,"green = 50, purple = 50, red = 10, yellow = 30",tensor([[0.0488]]),<m> purple = 30 </m>
958,twenty purple block 's thirty,"blue = 10, green = 10, purple = 10, red = 20",tensor([[0.0507]]),<m> purple = 30 </m>
959,twenty purple block 's thirty,"blue = 10, green = 10, purple = 20, red = 20",tensor([[0.0519]]),<m> purple = 30 </m>
960,twenty purple block 's thirty,"blue = 10, green = 10, purple = 30, red = 20",tensor([[0.0535]]),<m> purple = 30 </m>
961,twenty purple block 's thirty,"blue = 10, green = 10, purple = 40, red = 20",tensor([[0.0511]]),<m> purple = 30 </m>
962,twenty purple block 's thirty,"blue = 10, green = 10, purple = 50, red = 20",tensor([[0.0560]]),<m> purple = 30 </m>
963,twenty purple block 's thirty,"blue = 10, green = 20, purple = 10, red = 20",tensor([[0.0533]]),<m> purple = 30 </m>
964,twenty purple block 's thirty,"blue = 10, green = 20, purple = 20, red = 20",tensor([[0.0529]]),<m> purple = 30 </m>
965,twenty purple block 's thirty,"blue = 10, green = 20, purple = 30, red = 20",tensor([[0.0420]]),<m> purple = 30 </m>
966,twenty purple block 's thirty,"blue = 10, green = 20, purple = 40, red = 20",tensor([[0.0454]]),<m> purple = 30 </m>
967,twenty purple block 's thirty,"blue = 10, green = 20, purple = 50, red = 20",tensor([[0.0490]]),<m> purple = 30 </m>
968,twenty purple block 's thirty,"blue = 10, green = 30, purple = 10, red = 20",tensor([[0.0534]]),<m> purple = 30 </m>
969,twenty purple block 's thirty,"blue = 10, green = 30, purple = 20, red = 20",tensor([[0.0443]]),<m> purple = 30 </m>
970,twenty purple block 's thirty,"blue = 10, green = 30, purple = 30, red = 20",tensor([[0.0426]]),<m> purple = 30 </m>
971,twenty purple block 's thirty,"blue = 10, green = 30, purple = 40, red = 20",tensor([[0.0652]]),<m> purple = 30 </m>
972,twenty purple block 's thirty,"blue = 10, green = 30, purple = 50, red = 20",tensor([[0.0613]]),<m> purple = 30 </m>
973,twenty purple block 's thirty,"blue = 10, green = 40, purple = 10, red = 20",tensor([[0.0488]]),<m> purple = 30 </m>
974,twenty purple block 's thirty,"blue = 10, green = 40, purple = 20, red = 20",tensor([[0.0448]]),<m> purple = 30 </m>
975,twenty purple block 's thirty,"blue = 10, green = 40, purple = 30, red = 20",tensor([[0.0498]]),<m> purple = 30 </m>
976,twenty purple block 's thirty,"blue = 10, green = 40, purple = 40, red = 20",tensor([[0.0501]]),<m> purple = 30 </m>
977,twenty purple block 's thirty,"blue = 10, green = 40, purple = 50, red = 20",tensor([[0.0485]]),<m> purple = 30 </m>
978,twenty purple block 's thirty,"blue = 10, green = 50, purple = 10, red = 20",tensor([[0.0451]]),<m> purple = 30 </m>
979,twenty purple block 's thirty,"blue = 10, green = 50, purple = 20, red = 20",tensor([[0.0509]]),<m> purple = 30 </m>
980,twenty purple block 's thirty,"blue = 10, green = 50, purple = 30, red = 20",tensor([[0.0476]]),<m> purple = 30 </m>
981,twenty purple block 's thirty,"blue = 10, green = 50, purple = 40, red = 20",tensor([[0.0487]]),<m> purple = 30 </m>
982,twenty purple block 's thirty,"blue = 10, green = 50, purple = 50, red = 20",tensor([[0.0422]]),<m> purple = 30 </m>
983,twenty purple block 's thirty,"blue = 10, purple = 10, red = 20, yellow = 10",tensor([[0.0529]]),<m> purple = 30 </m>
984,twenty purple block 's thirty,"blue = 10, purple = 10, red = 20, yellow = 20",tensor([[0.0542]]),<m> purple = 30 </m>
985,twenty purple block 's thirty,"blue = 10, purple = 10, red = 20, yellow = 30",tensor([[0.0570]]),<m> purple = 30 </m>
986,twenty purple block 's thirty,"blue = 10, purple = 10, red = 20, yellow = 40",tensor([[0.0494]]),<m> purple = 30 </m>
987,twenty purple block 's thirty,"blue = 10, purple = 10, red = 20, yellow = 50",tensor([[0.0526]]),<m> purple = 30 </m>
988,twenty purple block 's thirty,"blue = 10, purple = 20, red = 20, yellow = 10",tensor([[0.0505]]),<m> purple = 30 </m>
989,twenty purple block 's thirty,"blue = 10, purple = 20, red = 20, yellow = 20",tensor([[0.0543]]),<m> purple = 30 </m>
990,twenty purple block 's thirty,"blue = 10, purple = 20, red = 20, yellow = 30",tensor([[0.0512]]),<m> purple = 30 </m>
991,twenty purple block 's thirty,"blue = 10, purple = 20, red = 20, yellow = 40",tensor([[0.0562]]),<m> purple = 30 </m>
992,twenty purple block 's thirty,"blue = 10, purple = 20, red = 20, yellow = 50",tensor([[0.0559]]),<m> purple = 30 </m>
993,twenty purple block 's thirty,"blue = 10, purple = 30, red = 20, yellow = 10",tensor([[0.0465]]),<m> purple = 30 </m>
994,twenty purple block 's thirty,"blue = 10, purple = 30, red = 20, yellow = 20",tensor([[0.0503]]),<m> purple = 30 </m>
995,twenty purple block 's thirty,"blue = 10, purple = 30, red = 20, yellow = 30",tensor([[0.0468]]),<m> purple = 30 </m>
996,twenty purple block 's thirty,"blue = 10, purple = 30, red = 20, yellow = 40",tensor([[0.0514]]),<m> purple = 30 </m>
997,twenty purple block 's thirty,"blue = 10, purple = 30, red = 20, yellow = 50",tensor([[0.0427]]),<m> purple = 30 </m>
998,twenty purple block 's thirty,"blue = 10, purple = 40, red = 20, yellow = 10",tensor([[0.0590]]),<m> purple = 30 </m>
999,twenty purple block 's thirty,"blue = 10, purple = 40, red = 20, yellow = 20",tensor([[0.0515]]),<m> purple = 30 </m>
1000,twenty purple block 's thirty,"blue = 10, purple = 40, red = 20, yellow = 30",tensor([[0.0483]]),<m> purple = 30 </m>
1001,twenty purple block 's thirty,"blue = 10, purple = 40, red = 20, yellow = 40",tensor([[0.0516]]),<m> purple = 30 </m>
1002,twenty purple block 's thirty,"blue = 10, purple = 40, red = 20, yellow = 50",tensor([[0.0420]]),<m> purple = 30 </m>
1003,twenty purple block 's thirty,"blue = 10, purple = 50, red = 20, yellow = 10",tensor([[0.0531]]),<m> purple = 30 </m>
1004,twenty purple block 's thirty,"blue = 10, purple = 50, red = 20, yellow = 20",tensor([[0.0574]]),<m> purple = 30 </m>
1005,twenty purple block 's thirty,"blue = 10, purple = 50, red = 20, yellow = 30",tensor([[0.0524]]),<m> purple = 30 </m>
1006,twenty purple block 's thirty,"blue = 10, purple = 50, red = 20, yellow = 40",tensor([[0.0420]]),<m> purple = 30 </m>
1007,twenty purple block 's thirty,"blue = 10, purple = 50, red = 20, yellow = 50",tensor([[0.0529]]),<m> purple = 30 </m>
1008,twenty purple block 's thirty,"blue = 20, green = 10, purple = 10, red = 20",tensor([[0.0450]]),<m> purple = 30 </m>
1009,twenty purple block 's thirty,"blue = 20, green = 10, purple = 20, red = 20",tensor([[0.0447]]),<m> purple = 30 </m>
1010,twenty purple block 's thirty,"blue = 20, green = 10, purple = 30, red = 20",tensor([[0.0486]]),<m> purple = 30 </m>
1011,twenty purple block 's thirty,"blue = 20, green = 10, purple = 40, red = 20",tensor([[0.0529]]),<m> purple = 30 </m>
1012,twenty purple block 's thirty,"blue = 20, green = 10, purple = 50, red = 20",tensor([[0.0504]]),<m> purple = 30 </m>
1013,twenty purple block 's thirty,"blue = 20, green = 20, purple = 10, red = 20",tensor([[0.0424]]),<m> purple = 30 </m>
1014,twenty purple block 's thirty,"blue = 20, green = 20, purple = 20, red = 20",tensor([[0.0546]]),<m> purple = 30 </m>
1015,twenty purple block 's thirty,"blue = 20, green = 20, purple = 30, red = 20",tensor([[0.0431]]),<m> purple = 30 </m>
1016,twenty purple block 's thirty,"blue = 20, green = 20, purple = 40, red = 20",tensor([[0.0471]]),<m> purple = 30 </m>
1017,twenty purple block 's thirty,"blue = 20, green = 20, purple = 50, red = 20",tensor([[0.0499]]),<m> purple = 30 </m>
1018,twenty purple block 's thirty,"blue = 20, green = 30, purple = 10, red = 20",tensor([[0.0543]]),<m> purple = 30 </m>
1019,twenty purple block 's thirty,"blue = 20, green = 30, purple = 20, red = 20",tensor([[0.0529]]),<m> purple = 30 </m>
1020,twenty purple block 's thirty,"blue = 20, green = 30, purple = 30, red = 20",tensor([[0.0462]]),<m> purple = 30 </m>
1021,twenty purple block 's thirty,"blue = 20, green = 30, purple = 40, red = 20",tensor([[0.0461]]),<m> purple = 30 </m>
1022,twenty purple block 's thirty,"blue = 20, green = 30, purple = 50, red = 20",tensor([[0.0536]]),<m> purple = 30 </m>
1023,twenty purple block 's thirty,"blue = 20, green = 40, purple = 10, red = 20",tensor([[0.0488]]),<m> purple = 30 </m>
1024,twenty purple block 's thirty,"blue = 20, green = 40, purple = 20, red = 20",tensor([[0.0526]]),<m> purple = 30 </m>
1025,twenty purple block 's thirty,"blue = 20, green = 40, purple = 30, red = 20",tensor([[0.0472]]),<m> purple = 30 </m>
1026,twenty purple block 's thirty,"blue = 20, green = 40, purple = 40, red = 20",tensor([[0.0524]]),<m> purple = 30 </m>
1027,twenty purple block 's thirty,"blue = 20, green = 40, purple = 50, red = 20",tensor([[0.0489]]),<m> purple = 30 </m>
1028,twenty purple block 's thirty,"blue = 20, green = 50, purple = 10, red = 20",tensor([[0.0556]]),<m> purple = 30 </m>
1029,twenty purple block 's thirty,"blue = 20, green = 50, purple = 20, red = 20",tensor([[0.0536]]),<m> purple = 30 </m>
1030,twenty purple block 's thirty,"blue = 20, green = 50, purple = 30, red = 20",tensor([[0.0469]]),<m> purple = 30 </m>
1031,twenty purple block 's thirty,"blue = 20, green = 50, purple = 40, red = 20",tensor([[0.0489]]),<m> purple = 30 </m>
1032,twenty purple block 's thirty,"blue = 20, green = 50, purple = 50, red = 20",tensor([[0.0531]]),<m> purple = 30 </m>
1033,twenty purple block 's thirty,"blue = 20, purple = 10, red = 20, yellow = 10",tensor([[0.0511]]),<m> purple = 30 </m>
1034,twenty purple block 's thirty,"blue = 20, purple = 10, red = 20, yellow = 20",tensor([[0.0524]]),<m> purple = 30 </m>
1035,twenty purple block 's thirty,"blue = 20, purple = 10, red = 20, yellow = 30",tensor([[0.0577]]),<m> purple = 30 </m>
1036,twenty purple block 's thirty,"blue = 20, purple = 10, red = 20, yellow = 40",tensor([[0.0536]]),<m> purple = 30 </m>
1037,twenty purple block 's thirty,"blue = 20, purple = 10, red = 20, yellow = 50",tensor([[0.0472]]),<m> purple = 30 </m>
1038,twenty purple block 's thirty,"blue = 20, purple = 20, red = 20, yellow = 10",tensor([[0.0521]]),<m> purple = 30 </m>
1039,twenty purple block 's thirty,"blue = 20, purple = 20, red = 20, yellow = 20",tensor([[0.0481]]),<m> purple = 30 </m>
1040,twenty purple block 's thirty,"blue = 20, purple = 20, red = 20, yellow = 30",tensor([[0.0444]]),<m> purple = 30 </m>
1041,twenty purple block 's thirty,"blue = 20, purple = 20, red = 20, yellow = 40",tensor([[0.0477]]),<m> purple = 30 </m>
1042,twenty purple block 's thirty,"blue = 20, purple = 20, red = 20, yellow = 50",tensor([[0.0510]]),<m> purple = 30 </m>
1043,twenty purple block 's thirty,"blue = 20, purple = 30, red = 20, yellow = 10",tensor([[0.0527]]),<m> purple = 30 </m>
1044,twenty purple block 's thirty,"blue = 20, purple = 30, red = 20, yellow = 20",tensor([[0.0527]]),<m> purple = 30 </m>
1045,twenty purple block 's thirty,"blue = 20, purple = 30, red = 20, yellow = 30",tensor([[0.0463]]),<m> purple = 30 </m>
1046,twenty purple block 's thirty,"blue = 20, purple = 30, red = 20, yellow = 40",tensor([[0.0552]]),<m> purple = 30 </m>
1047,twenty purple block 's thirty,"blue = 20, purple = 30, red = 20, yellow = 50",tensor([[0.0467]]),<m> purple = 30 </m>
1048,twenty purple block 's thirty,"blue = 20, purple = 40, red = 20, yellow = 10",tensor([[0.0590]]),<m> purple = 30 </m>
1049,twenty purple block 's thirty,"blue = 20, purple = 40, red = 20, yellow = 20",tensor([[0.0480]]),<m> purple = 30 </m>
1050,twenty purple block 's thirty,"blue = 20, purple = 40, red = 20, yellow = 30",tensor([[0.0518]]),<m> purple = 30 </m>
1051,twenty purple block 's thirty,"blue = 20, purple = 40, red = 20, yellow = 40",tensor([[0.0450]]),<m> purple = 30 </m>
1052,twenty purple block 's thirty,"blue = 20, purple = 40, red = 20, yellow = 50",tensor([[0.0505]]),<m> purple = 30 </m>
1053,twenty purple block 's thirty,"blue = 20, purple = 50, red = 20, yellow = 10",tensor([[0.0542]]),<m> purple = 30 </m>
1054,twenty purple block 's thirty,"blue = 20, purple = 50, red = 20, yellow = 20",tensor([[0.0512]]),<m> purple = 30 </m>
1055,twenty purple block 's thirty,"blue = 20, purple = 50, red = 20, yellow = 30",tensor([[0.0565]]),<m> purple = 30 </m>
1056,twenty purple block 's thirty,"blue = 20, purple = 50, red = 20, yellow = 40",tensor([[0.0460]]),<m> purple = 30 </m>
1057,twenty purple block 's thirty,"blue = 20, purple = 50, red = 20, yellow = 50",tensor([[0.0519]]),<m> purple = 30 </m>
1058,twenty purple block 's thirty,"blue = 30, green = 10, purple = 10, red = 20",tensor([[0.0519]]),<m> purple = 30 </m>
1059,twenty purple block 's thirty,"blue = 30, green = 10, purple = 20, red = 20",tensor([[0.0454]]),<m> purple = 30 </m>
1060,twenty purple block 's thirty,"blue = 30, green = 10, purple = 30, red = 20",tensor([[0.0536]]),<m> purple = 30 </m>
1061,twenty purple block 's thirty,"blue = 30, green = 10, purple = 40, red = 20",tensor([[0.0499]]),<m> purple = 30 </m>
1062,twenty purple block 's thirty,"blue = 30, green = 10, purple = 50, red = 20",tensor([[0.0482]]),<m> purple = 30 </m>
1063,twenty purple block 's thirty,"blue = 30, green = 20, purple = 10, red = 20",tensor([[0.0421]]),<m> purple = 30 </m>
1064,twenty purple block 's thirty,"blue = 30, green = 20, purple = 20, red = 20",tensor([[0.0539]]),<m> purple = 30 </m>
1065,twenty purple block 's thirty,"blue = 30, green = 20, purple = 30, red = 20",tensor([[0.0476]]),<m> purple = 30 </m>
1066,twenty purple block 's thirty,"blue = 30, green = 20, purple = 40, red = 20",tensor([[0.0464]]),<m> purple = 30 </m>
1067,twenty purple block 's thirty,"blue = 30, green = 20, purple = 50, red = 20",tensor([[0.0496]]),<m> purple = 30 </m>
1068,twenty purple block 's thirty,"blue = 30, green = 30, purple = 10, red = 20",tensor([[0.0481]]),<m> purple = 30 </m>
1069,twenty purple block 's thirty,"blue = 30, green = 30, purple = 20, red = 20",tensor([[0.0520]]),<m> purple = 30 </m>
1070,twenty purple block 's thirty,"blue = 30, green = 30, purple = 30, red = 20",tensor([[0.0469]]),<m> purple = 30 </m>
1071,twenty purple block 's thirty,"blue = 30, green = 30, purple = 40, red = 20",tensor([[0.0534]]),<m> purple = 30 </m>
1072,twenty purple block 's thirty,"blue = 30, green = 30, purple = 50, red = 20",tensor([[0.0491]]),<m> purple = 30 </m>
1073,twenty purple block 's thirty,"blue = 30, green = 40, purple = 10, red = 20",tensor([[0.0490]]),<m> purple = 30 </m>
1074,twenty purple block 's thirty,"blue = 30, green = 40, purple = 20, red = 20",tensor([[0.0556]]),<m> purple = 30 </m>
1075,twenty purple block 's thirty,"blue = 30, green = 40, purple = 30, red = 20",tensor([[0.0469]]),<m> purple = 30 </m>
1076,twenty purple block 's thirty,"blue = 30, green = 40, purple = 40, red = 20",tensor([[0.0575]]),<m> purple = 30 </m>
1077,twenty purple block 's thirty,"blue = 30, green = 40, purple = 50, red = 20",tensor([[0.0558]]),<m> purple = 30 </m>
1078,twenty purple block 's thirty,"blue = 30, green = 50, purple = 10, red = 20",tensor([[0.0484]]),<m> purple = 30 </m>
1079,twenty purple block 's thirty,"blue = 30, green = 50, purple = 20, red = 20",tensor([[0.0487]]),<m> purple = 30 </m>
1080,twenty purple block 's thirty,"blue = 30, green = 50, purple = 30, red = 20",tensor([[0.0442]]),<m> purple = 30 </m>
1081,twenty purple block 's thirty,"blue = 30, green = 50, purple = 40, red = 20",tensor([[0.0532]]),<m> purple = 30 </m>
1082,twenty purple block 's thirty,"blue = 30, green = 50, purple = 50, red = 20",tensor([[0.0460]]),<m> purple = 30 </m>
1083,twenty purple block 's thirty,"blue = 30, purple = 10, red = 20, yellow = 10",tensor([[0.0537]]),<m> purple = 30 </m>
1084,twenty purple block 's thirty,"blue = 30, purple = 10, red = 20, yellow = 20",tensor([[0.0552]]),<m> purple = 30 </m>
1085,twenty purple block 's thirty,"blue = 30, purple = 10, red = 20, yellow = 30",tensor([[0.0527]]),<m> purple = 30 </m>
1086,twenty purple block 's thirty,"blue = 30, purple = 10, red = 20, yellow = 40",tensor([[0.0412]]),<m> purple = 30 </m>
1087,twenty purple block 's thirty,"blue = 30, purple = 10, red = 20, yellow = 50",tensor([[0.0516]]),<m> purple = 30 </m>
1088,twenty purple block 's thirty,"blue = 30, purple = 20, red = 20, yellow = 10",tensor([[0.0480]]),<m> purple = 30 </m>
1089,twenty purple block 's thirty,"blue = 30, purple = 20, red = 20, yellow = 20",tensor([[0.0523]]),<m> purple = 30 </m>
1090,twenty purple block 's thirty,"blue = 30, purple = 20, red = 20, yellow = 30",tensor([[0.0529]]),<m> purple = 30 </m>
1091,twenty purple block 's thirty,"blue = 30, purple = 20, red = 20, yellow = 40",tensor([[0.0507]]),<m> purple = 30 </m>
1092,twenty purple block 's thirty,"blue = 30, purple = 20, red = 20, yellow = 50",tensor([[0.0527]]),<m> purple = 30 </m>
1093,twenty purple block 's thirty,"blue = 30, purple = 30, red = 20, yellow = 10",tensor([[0.0521]]),<m> purple = 30 </m>
1094,twenty purple block 's thirty,"blue = 30, purple = 30, red = 20, yellow = 20",tensor([[0.0509]]),<m> purple = 30 </m>
1095,twenty purple block 's thirty,"blue = 30, purple = 30, red = 20, yellow = 30",tensor([[0.0530]]),<m> purple = 30 </m>
1096,twenty purple block 's thirty,"blue = 30, purple = 30, red = 20, yellow = 40",tensor([[0.0498]]),<m> purple = 30 </m>
1097,twenty purple block 's thirty,"blue = 30, purple = 30, red = 20, yellow = 50",tensor([[0.0537]]),<m> purple = 30 </m>
1098,twenty purple block 's thirty,"blue = 30, purple = 40, red = 20, yellow = 10",tensor([[0.0485]]),<m> purple = 30 </m>
1099,twenty purple block 's thirty,"blue = 30, purple = 40, red = 20, yellow = 20",tensor([[0.0551]]),<m> purple = 30 </m>
1100,twenty purple block 's thirty,"blue = 30, purple = 40, red = 20, yellow = 30",tensor([[0.0461]]),<m> purple = 30 </m>
1101,twenty purple block 's thirty,"blue = 30, purple = 40, red = 20, yellow = 40",tensor([[0.0480]]),<m> purple = 30 </m>
1102,twenty purple block 's thirty,"blue = 30, purple = 40, red = 20, yellow = 50",tensor([[0.0511]]),<m> purple = 30 </m>
1103,twenty purple block 's thirty,"blue = 30, purple = 50, red = 20, yellow = 10",tensor([[0.0551]]),<m> purple = 30 </m>
1104,twenty purple block 's thirty,"blue = 30, purple = 50, red = 20, yellow = 20",tensor([[0.0516]]),<m> purple = 30 </m>
1105,twenty purple block 's thirty,"blue = 30, purple = 50, red = 20, yellow = 30",tensor([[0.0536]]),<m> purple = 30 </m>
1106,twenty purple block 's thirty,"blue = 30, purple = 50, red = 20, yellow = 40",tensor([[0.0462]]),<m> purple = 30 </m>
1107,twenty purple block 's thirty,"blue = 30, purple = 50, red = 20, yellow = 50",tensor([[0.0476]]),<m> purple = 30 </m>
1108,twenty purple block 's thirty,"blue = 40, green = 10, purple = 10, red = 20",tensor([[0.0489]]),<m> purple = 30 </m>
1109,twenty purple block 's thirty,"blue = 40, green = 10, purple = 20, red = 20",tensor([[0.0499]]),<m> purple = 30 </m>
1110,twenty purple block 's thirty,"blue = 40, green = 10, purple = 30, red = 20",tensor([[0.0492]]),<m> purple = 30 </m>
1111,twenty purple block 's thirty,"blue = 40, green = 10, purple = 40, red = 20",tensor([[0.0517]]),<m> purple = 30 </m>
1112,twenty purple block 's thirty,"blue = 40, green = 10, purple = 50, red = 20",tensor([[0.0524]]),<m> purple = 30 </m>
1113,twenty purple block 's thirty,"blue = 40, green = 20, purple = 10, red = 20",tensor([[0.0437]]),<m> purple = 30 </m>
1114,twenty purple block 's thirty,"blue = 40, green = 20, purple = 20, red = 20",tensor([[0.0492]]),<m> purple = 30 </m>
1115,twenty purple block 's thirty,"blue = 40, green = 20, purple = 30, red = 20",tensor([[0.0511]]),<m> purple = 30 </m>
1116,twenty purple block 's thirty,"blue = 40, green = 20, purple = 40, red = 20",tensor([[0.0421]]),<m> purple = 30 </m>
1117,twenty purple block 's thirty,"blue = 40, green = 20, purple = 50, red = 20",tensor([[0.0412]]),<m> purple = 30 </m>
1118,twenty purple block 's thirty,"blue = 40, green = 30, purple = 10, red = 20",tensor([[0.0490]]),<m> purple = 30 </m>
1119,twenty purple block 's thirty,"blue = 40, green = 30, purple = 20, red = 20",tensor([[0.0505]]),<m> purple = 30 </m>
1120,twenty purple block 's thirty,"blue = 40, green = 30, purple = 30, red = 20",tensor([[0.0480]]),<m> purple = 30 </m>
1121,twenty purple block 's thirty,"blue = 40, green = 30, purple = 40, red = 20",tensor([[0.0538]]),<m> purple = 30 </m>
1122,twenty purple block 's thirty,"blue = 40, green = 30, purple = 50, red = 20",tensor([[0.0604]]),<m> purple = 30 </m>
1123,twenty purple block 's thirty,"blue = 40, green = 40, purple = 10, red = 20",tensor([[0.0491]]),<m> purple = 30 </m>
1124,twenty purple block 's thirty,"blue = 40, green = 40, purple = 20, red = 20",tensor([[0.0480]]),<m> purple = 30 </m>
1125,twenty purple block 's thirty,"blue = 40, green = 40, purple = 30, red = 20",tensor([[0.0507]]),<m> purple = 30 </m>
1126,twenty purple block 's thirty,"blue = 40, green = 40, purple = 40, red = 20",tensor([[0.0520]]),<m> purple = 30 </m>
1127,twenty purple block 's thirty,"blue = 40, green = 40, purple = 50, red = 20",tensor([[0.0462]]),<m> purple = 30 </m>
1128,twenty purple block 's thirty,"blue = 40, green = 50, purple = 10, red = 20",tensor([[0.0427]]),<m> purple = 30 </m>
1129,twenty purple block 's thirty,"blue = 40, green = 50, purple = 20, red = 20",tensor([[0.0392]]),<m> purple = 30 </m>
1130,twenty purple block 's thirty,"blue = 40, green = 50, purple = 30, red = 20",tensor([[0.0503]]),<m> purple = 30 </m>
1131,twenty purple block 's thirty,"blue = 40, green = 50, purple = 40, red = 20",tensor([[0.0496]]),<m> purple = 30 </m>
1132,twenty purple block 's thirty,"blue = 40, green = 50, purple = 50, red = 20",tensor([[0.0512]]),<m> purple = 30 </m>
1133,twenty purple block 's thirty,"blue = 40, purple = 10, red = 20, yellow = 10",tensor([[0.0535]]),<m> purple = 30 </m>
1134,twenty purple block 's thirty,"blue = 40, purple = 10, red = 20, yellow = 20",tensor([[0.0486]]),<m> purple = 30 </m>
1135,twenty purple block 's thirty,"blue = 40, purple = 10, red = 20, yellow = 30",tensor([[0.0505]]),<m> purple = 30 </m>
1136,twenty purple block 's thirty,"blue = 40, purple = 10, red = 20, yellow = 40",tensor([[0.0452]]),<m> purple = 30 </m>
1137,twenty purple block 's thirty,"blue = 40, purple = 10, red = 20, yellow = 50",tensor([[0.0396]]),<m> purple = 30 </m>
1138,twenty purple block 's thirty,"blue = 40, purple = 20, red = 20, yellow = 10",tensor([[0.0487]]),<m> purple = 30 </m>
1139,twenty purple block 's thirty,"blue = 40, purple = 20, red = 20, yellow = 20",tensor([[0.0499]]),<m> purple = 30 </m>
1140,twenty purple block 's thirty,"blue = 40, purple = 20, red = 20, yellow = 30",tensor([[0.0501]]),<m> purple = 30 </m>
1141,twenty purple block 's thirty,"blue = 40, purple = 20, red = 20, yellow = 40",tensor([[0.0517]]),<m> purple = 30 </m>
1142,twenty purple block 's thirty,"blue = 40, purple = 20, red = 20, yellow = 50",tensor([[0.0509]]),<m> purple = 30 </m>
1143,twenty purple block 's thirty,"blue = 40, purple = 30, red = 20, yellow = 10",tensor([[0.0530]]),<m> purple = 30 </m>
1144,twenty purple block 's thirty,"blue = 40, purple = 30, red = 20, yellow = 20",tensor([[0.0474]]),<m> purple = 30 </m>
1145,twenty purple block 's thirty,"blue = 40, purple = 30, red = 20, yellow = 30",tensor([[0.0511]]),<m> purple = 30 </m>
1146,twenty purple block 's thirty,"blue = 40, purple = 30, red = 20, yellow = 40",tensor([[0.0591]]),<m> purple = 30 </m>
1147,twenty purple block 's thirty,"blue = 40, purple = 30, red = 20, yellow = 50",tensor([[0.0524]]),<m> purple = 30 </m>
1148,twenty purple block 's thirty,"blue = 40, purple = 40, red = 20, yellow = 10",tensor([[0.0568]]),<m> purple = 30 </m>
1149,twenty purple block 's thirty,"blue = 40, purple = 40, red = 20, yellow = 20",tensor([[0.0498]]),<m> purple = 30 </m>
1150,twenty purple block 's thirty,"blue = 40, purple = 40, red = 20, yellow = 30",tensor([[0.0551]]),<m> purple = 30 </m>
1151,twenty purple block 's thirty,"blue = 40, purple = 40, red = 20, yellow = 40",tensor([[0.0471]]),<m> purple = 30 </m>
1152,twenty purple block 's thirty,"blue = 40, purple = 40, red = 20, yellow = 50",tensor([[0.0514]]),<m> purple = 30 </m>
1153,twenty purple block 's thirty,"blue = 40, purple = 50, red = 20, yellow = 10",tensor([[0.0524]]),<m> purple = 30 </m>
1154,twenty purple block 's thirty,"blue = 40, purple = 50, red = 20, yellow = 20",tensor([[0.0410]]),<m> purple = 30 </m>
1155,twenty purple block 's thirty,"blue = 40, purple = 50, red = 20, yellow = 30",tensor([[0.0536]]),<m> purple = 30 </m>
1156,twenty purple block 's thirty,"blue = 40, purple = 50, red = 20, yellow = 40",tensor([[0.0446]]),<m> purple = 30 </m>
1157,twenty purple block 's thirty,"blue = 40, purple = 50, red = 20, yellow = 50",tensor([[0.0418]]),<m> purple = 30 </m>
1158,twenty purple block 's thirty,"blue = 50, green = 10, purple = 10, red = 20",tensor([[0.0529]]),<m> purple = 30 </m>
1159,twenty purple block 's thirty,"blue = 50, green = 10, purple = 20, red = 20",tensor([[0.0521]]),<m> purple = 30 </m>
1160,twenty purple block 's thirty,"blue = 50, green = 10, purple = 30, red = 20",tensor([[0.0483]]),<m> purple = 30 </m>
1161,twenty purple block 's thirty,"blue = 50, green = 10, purple = 40, red = 20",tensor([[0.0513]]),<m> purple = 30 </m>
1162,twenty purple block 's thirty,"blue = 50, green = 10, purple = 50, red = 20",tensor([[0.0542]]),<m> purple = 30 </m>
1163,twenty purple block 's thirty,"blue = 50, green = 20, purple = 10, red = 20",tensor([[0.0421]]),<m> purple = 30 </m>
1164,twenty purple block 's thirty,"blue = 50, green = 20, purple = 20, red = 20",tensor([[0.0527]]),<m> purple = 30 </m>
1165,twenty purple block 's thirty,"blue = 50, green = 20, purple = 30, red = 20",tensor([[0.0498]]),<m> purple = 30 </m>
1166,twenty purple block 's thirty,"blue = 50, green = 20, purple = 40, red = 20",tensor([[0.0481]]),<m> purple = 30 </m>
1167,twenty purple block 's thirty,"blue = 50, green = 20, purple = 50, red = 20",tensor([[0.0455]]),<m> purple = 30 </m>
1168,twenty purple block 's thirty,"blue = 50, green = 30, purple = 10, red = 20",tensor([[0.0490]]),<m> purple = 30 </m>
1169,twenty purple block 's thirty,"blue = 50, green = 30, purple = 20, red = 20",tensor([[0.0474]]),<m> purple = 30 </m>
1170,twenty purple block 's thirty,"blue = 50, green = 30, purple = 30, red = 20",tensor([[0.0417]]),<m> purple = 30 </m>
1171,twenty purple block 's thirty,"blue = 50, green = 30, purple = 40, red = 20",tensor([[0.0614]]),<m> purple = 30 </m>
1172,twenty purple block 's thirty,"blue = 50, green = 30, purple = 50, red = 20",tensor([[0.0558]]),<m> purple = 30 </m>
1173,twenty purple block 's thirty,"blue = 50, green = 40, purple = 10, red = 20",tensor([[0.0515]]),<m> purple = 30 </m>
1174,twenty purple block 's thirty,"blue = 50, green = 40, purple = 20, red = 20",tensor([[0.0521]]),<m> purple = 30 </m>
1175,twenty purple block 's thirty,"blue = 50, green = 40, purple = 30, red = 20",tensor([[0.0517]]),<m> purple = 30 </m>
1176,twenty purple block 's thirty,"blue = 50, green = 40, purple = 40, red = 20",tensor([[0.0537]]),<m> purple = 30 </m>
1177,twenty purple block 's thirty,"blue = 50, green = 40, purple = 50, red = 20",tensor([[0.0521]]),<m> purple = 30 </m>
1178,twenty purple block 's thirty,"blue = 50, green = 50, purple = 10, red = 20",tensor([[0.0421]]),<m> purple = 30 </m>
1179,twenty purple block 's thirty,"blue = 50, green = 50, purple = 20, red = 20",tensor([[0.0395]]),<m> purple = 30 </m>
1180,twenty purple block 's thirty,"blue = 50, green = 50, purple = 30, red = 20",tensor([[0.0429]]),<m> purple = 30 </m>
1181,twenty purple block 's thirty,"blue = 50, green = 50, purple = 40, red = 20",tensor([[0.0482]]),<m> purple = 30 </m>
1182,twenty purple block 's thirty,"blue = 50, green = 50, purple = 50, red = 20",tensor([[0.0506]]),<m> purple = 30 </m>
1183,twenty purple block 's thirty,"blue = 50, purple = 10, red = 20, yellow = 10",tensor([[0.0502]]),<m> purple = 30 </m>
1184,twenty purple block 's thirty,"blue = 50, purple = 10, red = 20, yellow = 20",tensor([[0.0512]]),<m> purple = 30 </m>
1185,twenty purple block 's thirty,"blue = 50, purple = 10, red = 20, yellow = 30",tensor([[0.0471]]),<m> purple = 30 </m>
1186,twenty purple block 's thirty,"blue = 50, purple = 10, red = 20, yellow = 40",tensor([[0.0496]]),<m> purple = 30 </m>
1187,twenty purple block 's thirty,"blue = 50, purple = 10, red = 20, yellow = 50",tensor([[0.0522]]),<m> purple = 30 </m>
1188,twenty purple block 's thirty,"blue = 50, purple = 20, red = 20, yellow = 10",tensor([[0.0451]]),<m> purple = 30 </m>
1189,twenty purple block 's thirty,"blue = 50, purple = 20, red = 20, yellow = 20",tensor([[0.0523]]),<m> purple = 30 </m>
1190,twenty purple block 's thirty,"blue = 50, purple = 20, red = 20, yellow = 30",tensor([[0.0489]]),<m> purple = 30 </m>
1191,twenty purple block 's thirty,"blue = 50, purple = 20, red = 20, yellow = 40",tensor([[0.0526]]),<m> purple = 30 </m>
1192,twenty purple block 's thirty,"blue = 50, purple = 20, red = 20, yellow = 50",tensor([[0.0523]]),<m> purple = 30 </m>
1193,twenty purple block 's thirty,"blue = 50, purple = 30, red = 20, yellow = 10",tensor([[0.0529]]),<m> purple = 30 </m>
1194,twenty purple block 's thirty,"blue = 50, purple = 30, red = 20, yellow = 20",tensor([[0.0423]]),<m> purple = 30 </m>
1195,twenty purple block 's thirty,"blue = 50, purple = 30, red = 20, yellow = 30",tensor([[0.0485]]),<m> purple = 30 </m>
1196,twenty purple block 's thirty,"blue = 50, purple = 30, red = 20, yellow = 40",tensor([[0.0542]]),<m> purple = 30 </m>
1197,twenty purple block 's thirty,"blue = 50, purple = 30, red = 20, yellow = 50",tensor([[0.0485]]),<m> purple = 30 </m>
1198,twenty purple block 's thirty,"blue = 50, purple = 40, red = 20, yellow = 10",tensor([[0.0446]]),<m> purple = 30 </m>
1199,twenty purple block 's thirty,"blue = 50, purple = 40, red = 20, yellow = 20",tensor([[0.0514]]),<m> purple = 30 </m>
1200,twenty purple block 's thirty,"blue = 50, purple = 40, red = 20, yellow = 30",tensor([[0.0527]]),<m> purple = 30 </m>
1201,twenty purple block 's thirty,"blue = 50, purple = 40, red = 20, yellow = 40",tensor([[0.0562]]),<m> purple = 30 </m>
1202,twenty purple block 's thirty,"blue = 50, purple = 40, red = 20, yellow = 50",tensor([[0.0472]]),<m> purple = 30 </m>
1203,twenty purple block 's thirty,"blue = 50, purple = 50, red = 20, yellow = 10",tensor([[0.0509]]),<m> purple = 30 </m>
1204,twenty purple block 's thirty,"blue = 50, purple = 50, red = 20, yellow = 20",tensor([[0.0400]]),<m> purple = 30 </m>
1205,twenty purple block 's thirty,"blue = 50, purple = 50, red = 20, yellow = 30",tensor([[0.0401]]),<m> purple = 30 </m>
1206,twenty purple block 's thirty,"blue = 50, purple = 50, red = 20, yellow = 40",tensor([[0.0399]]),<m> purple = 30 </m>
1207,twenty purple block 's thirty,"blue = 50, purple = 50, red = 20, yellow = 50",tensor([[0.0442]]),<m> purple = 30 </m>
1208,twenty purple block 's thirty,"green = 10, purple = 10, red = 20, yellow = 10",tensor([[0.0499]]),<m> purple = 30 </m>
1209,twenty purple block 's thirty,"green = 10, purple = 10, red = 20, yellow = 20",tensor([[0.0507]]),<m> purple = 30 </m>
1210,twenty purple block 's thirty,"green = 10, purple = 10, red = 20, yellow = 30",tensor([[0.0558]]),<m> purple = 30 </m>
1211,twenty purple block 's thirty,"green = 10, purple = 10, red = 20, yellow = 40",tensor([[0.0483]]),<m> purple = 30 </m>
1212,twenty purple block 's thirty,"green = 10, purple = 10, red = 20, yellow = 50",tensor([[0.0503]]),<m> purple = 30 </m>
1213,twenty purple block 's thirty,"green = 10, purple = 20, red = 20, yellow = 10",tensor([[0.0502]]),<m> purple = 30 </m>
1214,twenty purple block 's thirty,"green = 10, purple = 20, red = 20, yellow = 20",tensor([[0.0545]]),<m> purple = 30 </m>
1215,twenty purple block 's thirty,"green = 10, purple = 20, red = 20, yellow = 30",tensor([[0.0519]]),<m> purple = 30 </m>
1216,twenty purple block 's thirty,"green = 10, purple = 20, red = 20, yellow = 40",tensor([[0.0489]]),<m> purple = 30 </m>
1217,twenty purple block 's thirty,"green = 10, purple = 20, red = 20, yellow = 50",tensor([[0.0509]]),<m> purple = 30 </m>
1218,twenty purple block 's thirty,"green = 10, purple = 30, red = 20, yellow = 10",tensor([[0.0432]]),<m> purple = 30 </m>
1219,twenty purple block 's thirty,"green = 10, purple = 30, red = 20, yellow = 20",tensor([[0.0488]]),<m> purple = 30 </m>
1220,twenty purple block 's thirty,"green = 10, purple = 30, red = 20, yellow = 30",tensor([[0.0490]]),<m> purple = 30 </m>
1221,twenty purple block 's thirty,"green = 10, purple = 30, red = 20, yellow = 40",tensor([[0.0544]]),<m> purple = 30 </m>
1222,twenty purple block 's thirty,"green = 10, purple = 30, red = 20, yellow = 50",tensor([[0.0423]]),<m> purple = 30 </m>
1223,twenty purple block 's thirty,"green = 10, purple = 40, red = 20, yellow = 10",tensor([[0.0583]]),<m> purple = 30 </m>
1224,twenty purple block 's thirty,"green = 10, purple = 40, red = 20, yellow = 20",tensor([[0.0459]]),<m> purple = 30 </m>
1225,twenty purple block 's thirty,"green = 10, purple = 40, red = 20, yellow = 30",tensor([[0.0440]]),<m> purple = 30 </m>
1226,twenty purple block 's thirty,"green = 10, purple = 40, red = 20, yellow = 40",tensor([[0.0503]]),<m> purple = 30 </m>
1227,twenty purple block 's thirty,"green = 10, purple = 40, red = 20, yellow = 50",tensor([[0.0478]]),<m> purple = 30 </m>
1228,twenty purple block 's thirty,"green = 10, purple = 50, red = 20, yellow = 10",tensor([[0.0531]]),<m> purple = 30 </m>
1229,twenty purple block 's thirty,"green = 10, purple = 50, red = 20, yellow = 20",tensor([[0.0547]]),<m> purple = 30 </m>
1230,twenty purple block 's thirty,"green = 10, purple = 50, red = 20, yellow = 30",tensor([[0.0561]]),<m> purple = 30 </m>
1231,twenty purple block 's thirty,"green = 10, purple = 50, red = 20, yellow = 40",tensor([[0.0433]]),<m> purple = 30 </m>
1232,twenty purple block 's thirty,"green = 10, purple = 50, red = 20, yellow = 50",tensor([[0.0503]]),<m> purple = 30 </m>
1233,twenty purple block 's thirty,"green = 20, purple = 10, red = 20, yellow = 10",tensor([[0.0452]]),<m> purple = 30 </m>
1234,twenty purple block 's thirty,"green = 20, purple = 10, red = 20, yellow = 20",tensor([[0.0458]]),<m> purple = 30 </m>
1235,twenty purple block 's thirty,"green = 20, purple = 10, red = 20, yellow = 30",tensor([[0.0554]]),<m> purple = 30 </m>
1236,twenty purple block 's thirty,"green = 20, purple = 10, red = 20, yellow = 40",tensor([[0.0514]]),<m> purple = 30 </m>
1237,twenty purple block 's thirty,"green = 20, purple = 10, red = 20, yellow = 50",tensor([[0.0532]]),<m> purple = 30 </m>
1238,twenty purple block 's thirty,"green = 20, purple = 20, red = 20, yellow = 10",tensor([[0.0472]]),<m> purple = 30 </m>
1239,twenty purple block 's thirty,"green = 20, purple = 20, red = 20, yellow = 20",tensor([[0.0525]]),<m> purple = 30 </m>
1240,twenty purple block 's thirty,"green = 20, purple = 20, red = 20, yellow = 30",tensor([[0.0466]]),<m> purple = 30 </m>
1241,twenty purple block 's thirty,"green = 20, purple = 20, red = 20, yellow = 40",tensor([[0.0509]]),<m> purple = 30 </m>
1242,twenty purple block 's thirty,"green = 20, purple = 20, red = 20, yellow = 50",tensor([[0.0464]]),<m> purple = 30 </m>
1243,twenty purple block 's thirty,"green = 20, purple = 30, red = 20, yellow = 10",tensor([[0.0466]]),<m> purple = 30 </m>
1244,twenty purple block 's thirty,"green = 20, purple = 30, red = 20, yellow = 20",tensor([[0.0510]]),<m> purple = 30 </m>
1245,twenty purple block 's thirty,"green = 20, purple = 30, red = 20, yellow = 30",tensor([[0.0475]]),<m> purple = 30 </m>
1246,twenty purple block 's thirty,"green = 20, purple = 30, red = 20, yellow = 40",tensor([[0.0606]]),<m> purple = 30 </m>
1247,twenty purple block 's thirty,"green = 20, purple = 30, red = 20, yellow = 50",tensor([[0.0506]]),<m> purple = 30 </m>
1248,twenty purple block 's thirty,"green = 20, purple = 40, red = 20, yellow = 10",tensor([[0.0556]]),<m> purple = 30 </m>
1249,twenty purple block 's thirty,"green = 20, purple = 40, red = 20, yellow = 20",tensor([[0.0536]]),<m> purple = 30 </m>
1250,twenty purple block 's thirty,"green = 20, purple = 40, red = 20, yellow = 30",tensor([[0.0425]]),<m> purple = 30 </m>
1251,twenty purple block 's thirty,"green = 20, purple = 40, red = 20, yellow = 40",tensor([[0.0535]]),<m> purple = 30 </m>
1252,twenty purple block 's thirty,"green = 20, purple = 40, red = 20, yellow = 50",tensor([[0.0486]]),<m> purple = 30 </m>
1253,twenty purple block 's thirty,"green = 20, purple = 50, red = 20, yellow = 10",tensor([[0.0568]]),<m> purple = 30 </m>
1254,twenty purple block 's thirty,"green = 20, purple = 50, red = 20, yellow = 20",tensor([[0.0511]]),<m> purple = 30 </m>
1255,twenty purple block 's thirty,"green = 20, purple = 50, red = 20, yellow = 30",tensor([[0.0507]]),<m> purple = 30 </m>
1256,twenty purple block 's thirty,"green = 20, purple = 50, red = 20, yellow = 40",tensor([[0.0537]]),<m> purple = 30 </m>
1257,twenty purple block 's thirty,"green = 20, purple = 50, red = 20, yellow = 50",tensor([[0.0515]]),<m> purple = 30 </m>
1258,twenty purple block 's thirty,"green = 30, purple = 10, red = 20, yellow = 10",tensor([[0.0492]]),<m> purple = 30 </m>
1259,twenty purple block 's thirty,"green = 30, purple = 10, red = 20, yellow = 20",tensor([[0.0485]]),<m> purple = 30 </m>
1260,twenty purple block 's thirty,"green = 30, purple = 10, red = 20, yellow = 30",tensor([[0.0504]]),<m> purple = 30 </m>
1261,twenty purple block 's thirty,"green = 30, purple = 10, red = 20, yellow = 40",tensor([[0.0462]]),<m> purple = 30 </m>
1262,twenty purple block 's thirty,"green = 30, purple = 10, red = 20, yellow = 50",tensor([[0.0424]]),<m> purple = 30 </m>
1263,twenty purple block 's thirty,"green = 30, purple = 20, red = 20, yellow = 10",tensor([[0.0470]]),<m> purple = 30 </m>
1264,twenty purple block 's thirty,"green = 30, purple = 20, red = 20, yellow = 20",tensor([[0.0487]]),<m> purple = 30 </m>
1265,twenty purple block 's thirty,"green = 30, purple = 20, red = 20, yellow = 30",tensor([[0.0539]]),<m> purple = 30 </m>
1266,twenty purple block 's thirty,"green = 30, purple = 20, red = 20, yellow = 40",tensor([[0.0491]]),<m> purple = 30 </m>
1267,twenty purple block 's thirty,"green = 30, purple = 20, red = 20, yellow = 50",tensor([[0.0487]]),<m> purple = 30 </m>
1268,twenty purple block 's thirty,"green = 30, purple = 30, red = 20, yellow = 10",tensor([[0.0532]]),<m> purple = 30 </m>
1269,twenty purple block 's thirty,"green = 30, purple = 30, red = 20, yellow = 20",tensor([[0.0496]]),<m> purple = 30 </m>
1270,twenty purple block 's thirty,"green = 30, purple = 30, red = 20, yellow = 30",tensor([[0.0503]]),<m> purple = 30 </m>
1271,twenty purple block 's thirty,"green = 30, purple = 30, red = 20, yellow = 40",tensor([[0.0518]]),<m> purple = 30 </m>
1272,twenty purple block 's thirty,"green = 30, purple = 30, red = 20, yellow = 50",tensor([[0.0505]]),<m> purple = 30 </m>
1273,twenty purple block 's thirty,"green = 30, purple = 40, red = 20, yellow = 10",tensor([[0.0555]]),<m> purple = 30 </m>
1274,twenty purple block 's thirty,"green = 30, purple = 40, red = 20, yellow = 20",tensor([[0.0509]]),<m> purple = 30 </m>
1275,twenty purple block 's thirty,"green = 30, purple = 40, red = 20, yellow = 30",tensor([[0.0530]]),<m> purple = 30 </m>
1276,twenty purple block 's thirty,"green = 30, purple = 40, red = 20, yellow = 40",tensor([[0.0486]]),<m> purple = 30 </m>
1277,twenty purple block 's thirty,"green = 30, purple = 40, red = 20, yellow = 50",tensor([[0.0499]]),<m> purple = 30 </m>
1278,twenty purple block 's thirty,"green = 30, purple = 50, red = 20, yellow = 10",tensor([[0.0522]]),<m> purple = 30 </m>
1279,twenty purple block 's thirty,"green = 30, purple = 50, red = 20, yellow = 20",tensor([[0.0522]]),<m> purple = 30 </m>
1280,twenty purple block 's thirty,"green = 30, purple = 50, red = 20, yellow = 30",tensor([[0.0566]]),<m> purple = 30 </m>
1281,twenty purple block 's thirty,"green = 30, purple = 50, red = 20, yellow = 40",tensor([[0.0512]]),<m> purple = 30 </m>
1282,twenty purple block 's thirty,"green = 30, purple = 50, red = 20, yellow = 50",tensor([[0.0545]]),<m> purple = 30 </m>
1283,twenty purple block 's thirty,"green = 40, purple = 10, red = 20, yellow = 10",tensor([[0.0440]]),<m> purple = 30 </m>
1284,twenty purple block 's thirty,"green = 40, purple = 10, red = 20, yellow = 20",tensor([[0.0510]]),<m> purple = 30 </m>
1285,twenty purple block 's thirty,"green = 40, purple = 10, red = 20, yellow = 30",tensor([[0.0482]]),<m> purple = 30 </m>
1286,twenty purple block 's thirty,"green = 40, purple = 10, red = 20, yellow = 40",tensor([[0.0425]]),<m> purple = 30 </m>
1287,twenty purple block 's thirty,"green = 40, purple = 10, red = 20, yellow = 50",tensor([[0.0446]]),<m> purple = 30 </m>
1288,twenty purple block 's thirty,"green = 40, purple = 20, red = 20, yellow = 10",tensor([[0.0484]]),<m> purple = 30 </m>
1289,twenty purple block 's thirty,"green = 40, purple = 20, red = 20, yellow = 20",tensor([[0.0507]]),<m> purple = 30 </m>
1290,twenty purple block 's thirty,"green = 40, purple = 20, red = 20, yellow = 30",tensor([[0.0492]]),<m> purple = 30 </m>
1291,twenty purple block 's thirty,"green = 40, purple = 20, red = 20, yellow = 40",tensor([[0.0523]]),<m> purple = 30 </m>
1292,twenty purple block 's thirty,"green = 40, purple = 20, red = 20, yellow = 50",tensor([[0.0455]]),<m> purple = 30 </m>
1293,twenty purple block 's thirty,"green = 40, purple = 30, red = 20, yellow = 10",tensor([[0.0581]]),<m> purple = 30 </m>
1294,twenty purple block 's thirty,"green = 40, purple = 30, red = 20, yellow = 20",tensor([[0.0468]]),<m> purple = 30 </m>
1295,twenty purple block 's thirty,"green = 40, purple = 30, red = 20, yellow = 30",tensor([[0.0494]]),<m> purple = 30 </m>
1296,twenty purple block 's thirty,"green = 40, purple = 30, red = 20, yellow = 40",tensor([[0.0603]]),<m> purple = 30 </m>
1297,twenty purple block 's thirty,"green = 40, purple = 30, red = 20, yellow = 50",tensor([[0.0551]]),<m> purple = 30 </m>
1298,twenty purple block 's thirty,"green = 40, purple = 40, red = 20, yellow = 10",tensor([[0.0534]]),<m> purple = 30 </m>
1299,twenty purple block 's thirty,"green = 40, purple = 40, red = 20, yellow = 20",tensor([[0.0467]]),<m> purple = 30 </m>
1300,twenty purple block 's thirty,"green = 40, purple = 40, red = 20, yellow = 30",tensor([[0.0477]]),<m> purple = 30 </m>
1301,twenty purple block 's thirty,"green = 40, purple = 40, red = 20, yellow = 40",tensor([[0.0467]]),<m> purple = 30 </m>
1302,twenty purple block 's thirty,"green = 40, purple = 40, red = 20, yellow = 50",tensor([[0.0504]]),<m> purple = 30 </m>
1303,twenty purple block 's thirty,"green = 40, purple = 50, red = 20, yellow = 10",tensor([[0.0491]]),<m> purple = 30 </m>
1304,twenty purple block 's thirty,"green = 40, purple = 50, red = 20, yellow = 20",tensor([[0.0385]]),<m> purple = 30 </m>
1305,twenty purple block 's thirty,"green = 40, purple = 50, red = 20, yellow = 30",tensor([[0.0550]]),<m> purple = 30 </m>
1306,twenty purple block 's thirty,"green = 40, purple = 50, red = 20, yellow = 40",tensor([[0.0493]]),<m> purple = 30 </m>
1307,twenty purple block 's thirty,"green = 40, purple = 50, red = 20, yellow = 50",tensor([[0.0391]]),<m> purple = 30 </m>
1308,twenty purple block 's thirty,"green = 50, purple = 10, red = 20, yellow = 10",tensor([[0.0505]]),<m> purple = 30 </m>
1309,twenty purple block 's thirty,"green = 50, purple = 10, red = 20, yellow = 20",tensor([[0.0502]]),<m> purple = 30 </m>
1310,twenty purple block 's thirty,"green = 50, purple = 10, red = 20, yellow = 30",tensor([[0.0471]]),<m> purple = 30 </m>
1311,twenty purple block 's thirty,"green = 50, purple = 10, red = 20, yellow = 40",tensor([[0.0433]]),<m> purple = 30 </m>
1312,twenty purple block 's thirty,"green = 50, purple = 10, red = 20, yellow = 50",tensor([[0.0482]]),<m> purple = 30 </m>
1313,twenty purple block 's thirty,"green = 50, purple = 20, red = 20, yellow = 10",tensor([[0.0475]]),<m> purple = 30 </m>
1314,twenty purple block 's thirty,"green = 50, purple = 20, red = 20, yellow = 20",tensor([[0.0484]]),<m> purple = 30 </m>
1315,twenty purple block 's thirty,"green = 50, purple = 20, red = 20, yellow = 30",tensor([[0.0492]]),<m> purple = 30 </m>
1316,twenty purple block 's thirty,"green = 50, purple = 20, red = 20, yellow = 40",tensor([[0.0486]]),<m> purple = 30 </m>
1317,twenty purple block 's thirty,"green = 50, purple = 20, red = 20, yellow = 50",tensor([[0.0479]]),<m> purple = 30 </m>
1318,twenty purple block 's thirty,"green = 50, purple = 30, red = 20, yellow = 10",tensor([[0.0541]]),<m> purple = 30 </m>
1319,twenty purple block 's thirty,"green = 50, purple = 30, red = 20, yellow = 20",tensor([[0.0499]]),<m> purple = 30 </m>
1320,twenty purple block 's thirty,"green = 50, purple = 30, red = 20, yellow = 30",tensor([[0.0454]]),<m> purple = 30 </m>
1321,twenty purple block 's thirty,"green = 50, purple = 30, red = 20, yellow = 40",tensor([[0.0599]]),<m> purple = 30 </m>
1322,twenty purple block 's thirty,"green = 50, purple = 30, red = 20, yellow = 50",tensor([[0.0494]]),<m> purple = 30 </m>
1323,twenty purple block 's thirty,"green = 50, purple = 40, red = 20, yellow = 10",tensor([[0.0463]]),<m> purple = 30 </m>
1324,twenty purple block 's thirty,"green = 50, purple = 40, red = 20, yellow = 20",tensor([[0.0527]]),<m> purple = 30 </m>
1325,twenty purple block 's thirty,"green = 50, purple = 40, red = 20, yellow = 30",tensor([[0.0535]]),<m> purple = 30 </m>
1326,twenty purple block 's thirty,"green = 50, purple = 40, red = 20, yellow = 40",tensor([[0.0463]]),<m> purple = 30 </m>
1327,twenty purple block 's thirty,"green = 50, purple = 40, red = 20, yellow = 50",tensor([[0.0495]]),<m> purple = 30 </m>
1328,twenty purple block 's thirty,"green = 50, purple = 50, red = 20, yellow = 10",tensor([[0.0504]]),<m> purple = 30 </m>
1329,twenty purple block 's thirty,"green = 50, purple = 50, red = 20, yellow = 20",tensor([[0.0388]]),<m> purple = 30 </m>
1330,twenty purple block 's thirty,"green = 50, purple = 50, red = 20, yellow = 30",tensor([[0.0460]]),<m> purple = 30 </m>
1331,twenty purple block 's thirty,"green = 50, purple = 50, red = 20, yellow = 40",tensor([[0.0412]]),<m> purple = 30 </m>
1332,twenty purple block 's thirty,"green = 50, purple = 50, red = 20, yellow = 50",tensor([[0.0422]]),<m> purple = 30 </m>
1333,twenty purple block 's thirty,"blue = 10, green = 10, purple = 10, red = 30",tensor([[0.0546]]),<m> purple = 30 </m>
1334,twenty purple block 's thirty,"blue = 10, green = 10, purple = 20, red = 30",tensor([[0.0514]]),<m> purple = 30 </m>
1335,twenty purple block 's thirty,"blue = 10, green = 10, purple = 30, red = 30",tensor([[0.0544]]),<m> purple = 30 </m>
1336,twenty purple block 's thirty,"blue = 10, green = 10, purple = 40, red = 30",tensor([[0.0492]]),<m> purple = 30 </m>
1337,twenty purple block 's thirty,"blue = 10, green = 10, purple = 50, red = 30",tensor([[0.0494]]),<m> purple = 30 </m>
1338,twenty purple block 's thirty,"blue = 10, green = 20, purple = 10, red = 30",tensor([[0.0511]]),<m> purple = 30 </m>
1339,twenty purple block 's thirty,"blue = 10, green = 20, purple = 20, red = 30",tensor([[0.0504]]),<m> purple = 30 </m>
1340,twenty purple block 's thirty,"blue = 10, green = 20, purple = 30, red = 30",tensor([[0.0458]]),<m> purple = 30 </m>
1341,twenty purple block 's thirty,"blue = 10, green = 20, purple = 40, red = 30",tensor([[0.0628]]),<m> purple = 30 </m>
1342,twenty purple block 's thirty,"blue = 10, green = 20, purple = 50, red = 30",tensor([[0.0583]]),<m> purple = 30 </m>
1343,twenty purple block 's thirty,"blue = 10, green = 30, purple = 10, red = 30",tensor([[0.0506]]),<m> purple = 30 </m>
1344,twenty purple block 's thirty,"blue = 10, green = 30, purple = 20, red = 30",tensor([[0.0490]]),<m> purple = 30 </m>
1345,twenty purple block 's thirty,"blue = 10, green = 30, purple = 30, red = 30",tensor([[0.0481]]),<m> purple = 30 </m>
1346,twenty purple block 's thirty,"blue = 10, green = 30, purple = 40, red = 30",tensor([[0.0590]]),<m> purple = 30 </m>
1347,twenty purple block 's thirty,"blue = 10, green = 30, purple = 50, red = 30",tensor([[0.0593]]),<m> purple = 30 </m>
1348,twenty purple block 's thirty,"blue = 10, green = 40, purple = 10, red = 30",tensor([[0.0492]]),<m> purple = 30 </m>
1349,twenty purple block 's thirty,"blue = 10, green = 40, purple = 20, red = 30",tensor([[0.0472]]),<m> purple = 30 </m>
1350,twenty purple block 's thirty,"blue = 10, green = 40, purple = 30, red = 30",tensor([[0.0510]]),<m> purple = 30 </m>
1351,twenty purple block 's thirty,"blue = 10, green = 40, purple = 40, red = 30",tensor([[0.0572]]),<m> purple = 30 </m>
1352,twenty purple block 's thirty,"blue = 10, green = 40, purple = 50, red = 30",tensor([[0.0515]]),<m> purple = 30 </m>
1353,twenty purple block 's thirty,"blue = 10, green = 50, purple = 10, red = 30",tensor([[0.0493]]),<m> purple = 30 </m>
1354,twenty purple block 's thirty,"blue = 10, green = 50, purple = 20, red = 30",tensor([[0.0569]]),<m> purple = 30 </m>
1355,twenty purple block 's thirty,"blue = 10, green = 50, purple = 30, red = 30",tensor([[0.0440]]),<m> purple = 30 </m>
1356,twenty purple block 's thirty,"blue = 10, green = 50, purple = 40, red = 30",tensor([[0.0552]]),<m> purple = 30 </m>
1357,twenty purple block 's thirty,"blue = 10, green = 50, purple = 50, red = 30",tensor([[0.0519]]),<m> purple = 30 </m>
1358,twenty purple block 's thirty,"blue = 10, purple = 10, red = 30, yellow = 10",tensor([[0.0494]]),<m> purple = 30 </m>
1359,twenty purple block 's thirty,"blue = 10, purple = 10, red = 30, yellow = 20",tensor([[0.0525]]),<m> purple = 30 </m>
1360,twenty purple block 's thirty,"blue = 10, purple = 10, red = 30, yellow = 30",tensor([[0.0500]]),<m> purple = 30 </m>
1361,twenty purple block 's thirty,"blue = 10, purple = 10, red = 30, yellow = 40",tensor([[0.0471]]),<m> purple = 30 </m>
1362,twenty purple block 's thirty,"blue = 10, purple = 10, red = 30, yellow = 50",tensor([[0.0489]]),<m> purple = 30 </m>
1363,twenty purple block 's thirty,"blue = 10, purple = 20, red = 30, yellow = 10",tensor([[0.0535]]),<m> purple = 30 </m>
1364,twenty purple block 's thirty,"blue = 10, purple = 20, red = 30, yellow = 20",tensor([[0.0480]]),<m> purple = 30 </m>
1365,twenty purple block 's thirty,"blue = 10, purple = 20, red = 30, yellow = 30",tensor([[0.0560]]),<m> purple = 30 </m>
1366,twenty purple block 's thirty,"blue = 10, purple = 20, red = 30, yellow = 40",tensor([[0.0562]]),<m> purple = 30 </m>
1367,twenty purple block 's thirty,"blue = 10, purple = 20, red = 30, yellow = 50",tensor([[0.0591]]),<m> purple = 30 </m>
1368,twenty purple block 's thirty,"blue = 10, purple = 30, red = 30, yellow = 10",tensor([[0.0444]]),<m> purple = 30 </m>
1369,twenty purple block 's thirty,"blue = 10, purple = 30, red = 30, yellow = 20",tensor([[0.0536]]),<m> purple = 30 </m>
1370,twenty purple block 's thirty,"blue = 10, purple = 30, red = 30, yellow = 30",tensor([[0.0549]]),<m> purple = 30 </m>
1371,twenty purple block 's thirty,"blue = 10, purple = 30, red = 30, yellow = 40",tensor([[0.0550]]),<m> purple = 30 </m>
1372,twenty purple block 's thirty,"blue = 10, purple = 30, red = 30, yellow = 50",tensor([[0.0550]]),<m> purple = 30 </m>
1373,twenty purple block 's thirty,"blue = 10, purple = 40, red = 30, yellow = 10",tensor([[0.0539]]),<m> purple = 30 </m>
1374,twenty purple block 's thirty,"blue = 10, purple = 40, red = 30, yellow = 20",tensor([[0.0473]]),<m> purple = 30 </m>
1375,twenty purple block 's thirty,"blue = 10, purple = 40, red = 30, yellow = 30",tensor([[0.0470]]),<m> purple = 30 </m>
1376,twenty purple block 's thirty,"blue = 10, purple = 40, red = 30, yellow = 40",tensor([[0.0598]]),<m> purple = 30 </m>
1377,twenty purple block 's thirty,"blue = 10, purple = 40, red = 30, yellow = 50",tensor([[0.0531]]),<m> purple = 30 </m>
1378,twenty purple block 's thirty,"blue = 10, purple = 50, red = 30, yellow = 10",tensor([[0.0574]]),<m> purple = 30 </m>
1379,twenty purple block 's thirty,"blue = 10, purple = 50, red = 30, yellow = 20",tensor([[0.0457]]),<m> purple = 30 </m>
1380,twenty purple block 's thirty,"blue = 10, purple = 50, red = 30, yellow = 30",tensor([[0.0514]]),<m> purple = 30 </m>
1381,twenty purple block 's thirty,"blue = 10, purple = 50, red = 30, yellow = 40",tensor([[0.0481]]),<m> purple = 30 </m>
1382,twenty purple block 's thirty,"blue = 10, purple = 50, red = 30, yellow = 50",tensor([[0.0544]]),<m> purple = 30 </m>
1383,twenty purple block 's thirty,"blue = 20, green = 10, purple = 10, red = 30",tensor([[0.0436]]),<m> purple = 30 </m>
1384,twenty purple block 's thirty,"blue = 20, green = 10, purple = 20, red = 30",tensor([[0.0541]]),<m> purple = 30 </m>
1385,twenty purple block 's thirty,"blue = 20, green = 10, purple = 30, red = 30",tensor([[0.0479]]),<m> purple = 30 </m>
1386,twenty purple block 's thirty,"blue = 20, green = 10, purple = 40, red = 30",tensor([[0.0484]]),<m> purple = 30 </m>
1387,twenty purple block 's thirty,"blue = 20, green = 10, purple = 50, red = 30",tensor([[0.0462]]),<m> purple = 30 </m>
1388,twenty purple block 's thirty,"blue = 20, green = 20, purple = 10, red = 30",tensor([[0.0507]]),<m> purple = 30 </m>
1389,twenty purple block 's thirty,"blue = 20, green = 20, purple = 20, red = 30",tensor([[0.0474]]),<m> purple = 30 </m>
1390,twenty purple block 's thirty,"blue = 20, green = 20, purple = 30, red = 30",tensor([[0.0509]]),<m> purple = 30 </m>
1391,twenty purple block 's thirty,"blue = 20, green = 20, purple = 40, red = 30",tensor([[0.0549]]),<m> purple = 30 </m>
1392,twenty purple block 's thirty,"blue = 20, green = 20, purple = 50, red = 30",tensor([[0.0552]]),<m> purple = 30 </m>
1393,twenty purple block 's thirty,"blue = 20, green = 30, purple = 10, red = 30",tensor([[0.0473]]),<m> purple = 30 </m>
1394,twenty purple block 's thirty,"blue = 20, green = 30, purple = 20, red = 30",tensor([[0.0470]]),<m> purple = 30 </m>
1395,twenty purple block 's thirty,"blue = 20, green = 30, purple = 30, red = 30",tensor([[0.0464]]),<m> purple = 30 </m>
1396,twenty purple block 's thirty,"blue = 20, green = 30, purple = 40, red = 30",tensor([[0.0576]]),<m> purple = 30 </m>
1397,twenty purple block 's thirty,"blue = 20, green = 30, purple = 50, red = 30",tensor([[0.0551]]),<m> purple = 30 </m>
1398,twenty purple block 's thirty,"blue = 20, green = 40, purple = 10, red = 30",tensor([[0.0442]]),<m> purple = 30 </m>
1399,twenty purple block 's thirty,"blue = 20, green = 40, purple = 20, red = 30",tensor([[0.0485]]),<m> purple = 30 </m>
1400,twenty purple block 's thirty,"blue = 20, green = 40, purple = 30, red = 30",tensor([[0.0543]]),<m> purple = 30 </m>
1401,twenty purple block 's thirty,"blue = 20, green = 40, purple = 40, red = 30",tensor([[0.0549]]),<m> purple = 30 </m>
1402,twenty purple block 's thirty,"blue = 20, green = 40, purple = 50, red = 30",tensor([[0.0549]]),<m> purple = 30 </m>
1403,twenty purple block 's thirty,"blue = 20, green = 50, purple = 10, red = 30",tensor([[0.0533]]),<m> purple = 30 </m>
1404,twenty purple block 's thirty,"blue = 20, green = 50, purple = 20, red = 30",tensor([[0.0539]]),<m> purple = 30 </m>
1405,twenty purple block 's thirty,"blue = 20, green = 50, purple = 30, red = 30",tensor([[0.0576]]),<m> purple = 30 </m>
1406,twenty purple block 's thirty,"blue = 20, green = 50, purple = 40, red = 30",tensor([[0.0450]]),<m> purple = 30 </m>
1407,twenty purple block 's thirty,"blue = 20, green = 50, purple = 50, red = 30",tensor([[0.0466]]),<m> purple = 30 </m>
1408,twenty purple block 's thirty,"blue = 20, purple = 10, red = 30, yellow = 10",tensor([[0.0595]]),<m> purple = 30 </m>
1409,twenty purple block 's thirty,"blue = 20, purple = 10, red = 30, yellow = 20",tensor([[0.0489]]),<m> purple = 30 </m>
1410,twenty purple block 's thirty,"blue = 20, purple = 10, red = 30, yellow = 30",tensor([[0.0508]]),<m> purple = 30 </m>
1411,twenty purple block 's thirty,"blue = 20, purple = 10, red = 30, yellow = 40",tensor([[0.0565]]),<m> purple = 30 </m>
1412,twenty purple block 's thirty,"blue = 20, purple = 10, red = 30, yellow = 50",tensor([[0.0457]]),<m> purple = 30 </m>
1413,twenty purple block 's thirty,"blue = 20, purple = 20, red = 30, yellow = 10",tensor([[0.0625]]),<m> purple = 30 </m>
1414,twenty purple block 's thirty,"blue = 20, purple = 20, red = 30, yellow = 20",tensor([[0.0420]]),<m> purple = 30 </m>
1415,twenty purple block 's thirty,"blue = 20, purple = 20, red = 30, yellow = 30",tensor([[0.0470]]),<m> purple = 30 </m>
1416,twenty purple block 's thirty,"blue = 20, purple = 20, red = 30, yellow = 40",tensor([[0.0603]]),<m> purple = 30 </m>
1417,twenty purple block 's thirty,"blue = 20, purple = 20, red = 30, yellow = 50",tensor([[0.0572]]),<m> purple = 30 </m>
1418,twenty purple block 's thirty,"blue = 20, purple = 30, red = 30, yellow = 10",tensor([[0.0563]]),<m> purple = 30 </m>
1419,twenty purple block 's thirty,"blue = 20, purple = 30, red = 30, yellow = 20",tensor([[0.0439]]),<m> purple = 30 </m>
1420,twenty purple block 's thirty,"blue = 20, purple = 30, red = 30, yellow = 30",tensor([[0.0538]]),<m> purple = 30 </m>
1421,twenty purple block 's thirty,"blue = 20, purple = 30, red = 30, yellow = 40",tensor([[0.0555]]),<m> purple = 30 </m>
1422,twenty purple block 's thirty,"blue = 20, purple = 30, red = 30, yellow = 50",tensor([[0.0556]]),<m> purple = 30 </m>
1423,twenty purple block 's thirty,"blue = 20, purple = 40, red = 30, yellow = 10",tensor([[0.0629]]),<m> purple = 30 </m>
1424,twenty purple block 's thirty,"blue = 20, purple = 40, red = 30, yellow = 20",tensor([[0.0486]]),<m> purple = 30 </m>
1425,twenty purple block 's thirty,"blue = 20, purple = 40, red = 30, yellow = 30",tensor([[0.0569]]),<m> purple = 30 </m>
1426,twenty purple block 's thirty,"blue = 20, purple = 40, red = 30, yellow = 40",tensor([[0.0617]]),<m> purple = 30 </m>
1427,twenty purple block 's thirty,"blue = 20, purple = 40, red = 30, yellow = 50",tensor([[0.0615]]),<m> purple = 30 </m>
1428,twenty purple block 's thirty,"blue = 20, purple = 50, red = 30, yellow = 10",tensor([[0.0610]]),<m> purple = 30 </m>
1429,twenty purple block 's thirty,"blue = 20, purple = 50, red = 30, yellow = 20",tensor([[0.0422]]),<m> purple = 30 </m>
1430,twenty purple block 's thirty,"blue = 20, purple = 50, red = 30, yellow = 30",tensor([[0.0559]]),<m> purple = 30 </m>
1431,twenty purple block 's thirty,"blue = 20, purple = 50, red = 30, yellow = 40",tensor([[0.0551]]),<m> purple = 30 </m>
1432,twenty purple block 's thirty,"blue = 20, purple = 50, red = 30, yellow = 50",tensor([[0.0609]]),<m> purple = 30 </m>
1433,twenty purple block 's thirty,"blue = 30, green = 10, purple = 10, red = 30",tensor([[0.0524]]),<m> purple = 30 </m>
1434,twenty purple block 's thirty,"blue = 30, green = 10, purple = 20, red = 30",tensor([[0.0467]]),<m> purple = 30 </m>
1435,twenty purple block 's thirty,"blue = 30, green = 10, purple = 30, red = 30",tensor([[0.0541]]),<m> purple = 30 </m>
1436,twenty purple block 's thirty,"blue = 30, green = 10, purple = 40, red = 30",tensor([[0.0531]]),<m> purple = 30 </m>
1437,twenty purple block 's thirty,"blue = 30, green = 10, purple = 50, red = 30",tensor([[0.0481]]),<m> purple = 30 </m>
1438,twenty purple block 's thirty,"blue = 30, green = 20, purple = 10, red = 30",tensor([[0.0527]]),<m> purple = 30 </m>
1439,twenty purple block 's thirty,"blue = 30, green = 20, purple = 20, red = 30",tensor([[0.0526]]),<m> purple = 30 </m>
1440,twenty purple block 's thirty,"blue = 30, green = 20, purple = 30, red = 30",tensor([[0.0474]]),<m> purple = 30 </m>
1441,twenty purple block 's thirty,"blue = 30, green = 20, purple = 40, red = 30",tensor([[0.0513]]),<m> purple = 30 </m>
1442,twenty purple block 's thirty,"blue = 30, green = 20, purple = 50, red = 30",tensor([[0.0528]]),<m> purple = 30 </m>
1443,twenty purple block 's thirty,"blue = 30, green = 30, purple = 10, red = 30",tensor([[0.0543]]),<m> purple = 30 </m>
1444,twenty purple block 's thirty,"blue = 30, green = 30, purple = 20, red = 30",tensor([[0.0528]]),<m> purple = 30 </m>
1445,twenty purple block 's thirty,"blue = 30, green = 30, purple = 30, red = 30",tensor([[0.0423]]),<m> purple = 30 </m>
1446,twenty purple block 's thirty,"blue = 30, green = 30, purple = 40, red = 30",tensor([[0.0513]]),<m> purple = 30 </m>
1447,twenty purple block 's thirty,"blue = 30, green = 30, purple = 50, red = 30",tensor([[0.0541]]),<m> purple = 30 </m>
1448,twenty purple block 's thirty,"blue = 30, green = 40, purple = 10, red = 30",tensor([[0.0539]]),<m> purple = 30 </m>
1449,twenty purple block 's thirty,"blue = 30, green = 40, purple = 20, red = 30",tensor([[0.0540]]),<m> purple = 30 </m>
1450,twenty purple block 's thirty,"blue = 30, green = 40, purple = 30, red = 30",tensor([[0.0444]]),<m> purple = 30 </m>
1451,twenty purple block 's thirty,"blue = 30, green = 40, purple = 40, red = 30",tensor([[0.0460]]),<m> purple = 30 </m>
1452,twenty purple block 's thirty,"blue = 30, green = 40, purple = 50, red = 30",tensor([[0.0495]]),<m> purple = 30 </m>
1453,twenty purple block 's thirty,"blue = 30, green = 50, purple = 10, red = 30",tensor([[0.0474]]),<m> purple = 30 </m>
1454,twenty purple block 's thirty,"blue = 30, green = 50, purple = 20, red = 30",tensor([[0.0543]]),<m> purple = 30 </m>
1455,twenty purple block 's thirty,"blue = 30, green = 50, purple = 30, red = 30",tensor([[0.0530]]),<m> purple = 30 </m>
1456,twenty purple block 's thirty,"blue = 30, green = 50, purple = 40, red = 30",tensor([[0.0520]]),<m> purple = 30 </m>
1457,twenty purple block 's thirty,"blue = 30, green = 50, purple = 50, red = 30",tensor([[0.0490]]),<m> purple = 30 </m>
1458,twenty purple block 's thirty,"blue = 30, purple = 10, red = 30, yellow = 10",tensor([[0.0524]]),<m> purple = 30 </m>
1459,twenty purple block 's thirty,"blue = 30, purple = 10, red = 30, yellow = 20",tensor([[0.0535]]),<m> purple = 30 </m>
1460,twenty purple block 's thirty,"blue = 30, purple = 10, red = 30, yellow = 30",tensor([[0.0463]]),<m> purple = 30 </m>
1461,twenty purple block 's thirty,"blue = 30, purple = 10, red = 30, yellow = 40",tensor([[0.0431]]),<m> purple = 30 </m>
1462,twenty purple block 's thirty,"blue = 30, purple = 10, red = 30, yellow = 50",tensor([[0.0583]]),<m> purple = 30 </m>
1463,twenty purple block 's thirty,"blue = 30, purple = 20, red = 30, yellow = 10",tensor([[0.0567]]),<m> purple = 30 </m>
1464,twenty purple block 's thirty,"blue = 30, purple = 20, red = 30, yellow = 20",tensor([[0.0465]]),<m> purple = 30 </m>
1465,twenty purple block 's thirty,"blue = 30, purple = 20, red = 30, yellow = 30",tensor([[0.0532]]),<m> purple = 30 </m>
1466,twenty purple block 's thirty,"blue = 30, purple = 20, red = 30, yellow = 40",tensor([[0.0668]]),<m> purple = 30 </m>
1467,twenty purple block 's thirty,"blue = 30, purple = 20, red = 30, yellow = 50",tensor([[0.0588]]),<m> purple = 30 </m>
1468,twenty purple block 's thirty,"blue = 30, purple = 30, red = 30, yellow = 10",tensor([[0.0564]]),<m> purple = 30 </m>
1469,twenty purple block 's thirty,"blue = 30, purple = 30, red = 30, yellow = 20",tensor([[0.0582]]),<m> purple = 30 </m>
1470,twenty purple block 's thirty,"blue = 30, purple = 30, red = 30, yellow = 30",tensor([[0.0518]]),<m> purple = 30 </m>
1471,twenty purple block 's thirty,"blue = 30, purple = 30, red = 30, yellow = 40",tensor([[0.0655]]),<m> purple = 30 </m>
1472,twenty purple block 's thirty,"blue = 30, purple = 30, red = 30, yellow = 50",tensor([[0.0576]]),<m> purple = 30 </m>
1473,twenty purple block 's thirty,"blue = 30, purple = 40, red = 30, yellow = 10",tensor([[0.0543]]),<m> purple = 30 </m>
1474,twenty purple block 's thirty,"blue = 30, purple = 40, red = 30, yellow = 20",tensor([[0.0505]]),<m> purple = 30 </m>
1475,twenty purple block 's thirty,"blue = 30, purple = 40, red = 30, yellow = 30",tensor([[0.0557]]),<m> purple = 30 </m>
1476,twenty purple block 's thirty,"blue = 30, purple = 40, red = 30, yellow = 40",tensor([[0.0595]]),<m> purple = 30 </m>
1477,twenty purple block 's thirty,"blue = 30, purple = 40, red = 30, yellow = 50",tensor([[0.0593]]),<m> purple = 30 </m>
1478,twenty purple block 's thirty,"blue = 30, purple = 50, red = 30, yellow = 10",tensor([[0.0532]]),<m> purple = 30 </m>
1479,twenty purple block 's thirty,"blue = 30, purple = 50, red = 30, yellow = 20",tensor([[0.0591]]),<m> purple = 30 </m>
1480,twenty purple block 's thirty,"blue = 30, purple = 50, red = 30, yellow = 30",tensor([[0.0589]]),<m> purple = 30 </m>
1481,twenty purple block 's thirty,"blue = 30, purple = 50, red = 30, yellow = 40",tensor([[0.0525]]),<m> purple = 30 </m>
1482,twenty purple block 's thirty,"blue = 30, purple = 50, red = 30, yellow = 50",tensor([[0.0589]]),<m> purple = 30 </m>
1483,twenty purple block 's thirty,"blue = 40, green = 10, purple = 10, red = 30",tensor([[0.0536]]),<m> purple = 30 </m>
1484,twenty purple block 's thirty,"blue = 40, green = 10, purple = 20, red = 30",tensor([[0.0496]]),<m> purple = 30 </m>
1485,twenty purple block 's thirty,"blue = 40, green = 10, purple = 30, red = 30",tensor([[0.0457]]),<m> purple = 30 </m>
1486,twenty purple block 's thirty,"blue = 40, green = 10, purple = 40, red = 30",tensor([[0.0522]]),<m> purple = 30 </m>
1487,twenty purple block 's thirty,"blue = 40, green = 10, purple = 50, red = 30",tensor([[0.0527]]),<m> purple = 30 </m>
1488,twenty purple block 's thirty,"blue = 40, green = 20, purple = 10, red = 30",tensor([[0.0439]]),<m> purple = 30 </m>
1489,twenty purple block 's thirty,"blue = 40, green = 20, purple = 20, red = 30",tensor([[0.0473]]),<m> purple = 30 </m>
1490,twenty purple block 's thirty,"blue = 40, green = 20, purple = 30, red = 30",tensor([[0.0512]]),<m> purple = 30 </m>
1491,twenty purple block 's thirty,"blue = 40, green = 20, purple = 40, red = 30",tensor([[0.0496]]),<m> purple = 30 </m>
1492,twenty purple block 's thirty,"blue = 40, green = 20, purple = 50, red = 30",tensor([[0.0518]]),<m> purple = 30 </m>
1493,twenty purple block 's thirty,"blue = 40, green = 30, purple = 10, red = 30",tensor([[0.0496]]),<m> purple = 30 </m>
1494,twenty purple block 's thirty,"blue = 40, green = 30, purple = 20, red = 30",tensor([[0.0477]]),<m> purple = 30 </m>
1495,twenty purple block 's thirty,"blue = 40, green = 30, purple = 30, red = 30",tensor([[0.0475]]),<m> purple = 30 </m>
1496,twenty purple block 's thirty,"blue = 40, green = 30, purple = 40, red = 30",tensor([[0.0599]]),<m> purple = 30 </m>
1497,twenty purple block 's thirty,"blue = 40, green = 30, purple = 50, red = 30",tensor([[0.0607]]),<m> purple = 30 </m>
1498,twenty purple block 's thirty,"blue = 40, green = 40, purple = 10, red = 30",tensor([[0.0520]]),<m> purple = 30 </m>
1499,twenty purple block 's thirty,"blue = 40, green = 40, purple = 20, red = 30",tensor([[0.0522]]),<m> purple = 30 </m>
1500,twenty purple block 's thirty,"blue = 40, green = 40, purple = 30, red = 30",tensor([[0.0471]]),<m> purple = 30 </m>
1501,twenty purple block 's thirty,"blue = 40, green = 40, purple = 40, red = 30",tensor([[0.0536]]),<m> purple = 30 </m>
1502,twenty purple block 's thirty,"blue = 40, green = 40, purple = 50, red = 30",tensor([[0.0510]]),<m> purple = 30 </m>
1503,twenty purple block 's thirty,"blue = 40, green = 50, purple = 10, red = 30",tensor([[0.0467]]),<m> purple = 30 </m>
1504,twenty purple block 's thirty,"blue = 40, green = 50, purple = 20, red = 30",tensor([[0.0545]]),<m> purple = 30 </m>
1505,twenty purple block 's thirty,"blue = 40, green = 50, purple = 30, red = 30",tensor([[0.0433]]),<m> purple = 30 </m>
1506,twenty purple block 's thirty,"blue = 40, green = 50, purple = 40, red = 30",tensor([[0.0486]]),<m> purple = 30 </m>
1507,twenty purple block 's thirty,"blue = 40, green = 50, purple = 50, red = 30",tensor([[0.0523]]),<m> purple = 30 </m>
1508,twenty purple block 's thirty,"blue = 40, purple = 10, red = 30, yellow = 10",tensor([[0.0572]]),<m> purple = 30 </m>
1509,twenty purple block 's thirty,"blue = 40, purple = 10, red = 30, yellow = 20",tensor([[0.0493]]),<m> purple = 30 </m>
1510,twenty purple block 's thirty,"blue = 40, purple = 10, red = 30, yellow = 30",tensor([[0.0527]]),<m> purple = 30 </m>
1511,twenty purple block 's thirty,"blue = 40, purple = 10, red = 30, yellow = 40",tensor([[0.0518]]),<m> purple = 30 </m>
1512,twenty purple block 's thirty,"blue = 40, purple = 10, red = 30, yellow = 50",tensor([[0.0508]]),<m> purple = 30 </m>
1513,twenty purple block 's thirty,"blue = 40, purple = 20, red = 30, yellow = 10",tensor([[0.0577]]),<m> purple = 30 </m>
1514,twenty purple block 's thirty,"blue = 40, purple = 20, red = 30, yellow = 20",tensor([[0.0458]]),<m> purple = 30 </m>
1515,twenty purple block 's thirty,"blue = 40, purple = 20, red = 30, yellow = 30",tensor([[0.0557]]),<m> purple = 30 </m>
1516,twenty purple block 's thirty,"blue = 40, purple = 20, red = 30, yellow = 40",tensor([[0.0603]]),<m> purple = 30 </m>
1517,twenty purple block 's thirty,"blue = 40, purple = 20, red = 30, yellow = 50",tensor([[0.0591]]),<m> purple = 30 </m>
1518,twenty purple block 's thirty,"blue = 40, purple = 30, red = 30, yellow = 10",tensor([[0.0523]]),<m> purple = 30 </m>
1519,twenty purple block 's thirty,"blue = 40, purple = 30, red = 30, yellow = 20",tensor([[0.0446]]),<m> purple = 30 </m>
1520,twenty purple block 's thirty,"blue = 40, purple = 30, red = 30, yellow = 30",tensor([[0.0562]]),<m> purple = 30 </m>
1521,twenty purple block 's thirty,"blue = 40, purple = 30, red = 30, yellow = 40",tensor([[0.0543]]),<m> purple = 30 </m>
1522,twenty purple block 's thirty,"blue = 40, purple = 30, red = 30, yellow = 50",tensor([[0.0555]]),<m> purple = 30 </m>
1523,twenty purple block 's thirty,"blue = 40, purple = 40, red = 30, yellow = 10",tensor([[0.0520]]),<m> purple = 30 </m>
1524,twenty purple block 's thirty,"blue = 40, purple = 40, red = 30, yellow = 20",tensor([[0.0512]]),<m> purple = 30 </m>
1525,twenty purple block 's thirty,"blue = 40, purple = 40, red = 30, yellow = 30",tensor([[0.0570]]),<m> purple = 30 </m>
1526,twenty purple block 's thirty,"blue = 40, purple = 40, red = 30, yellow = 40",tensor([[0.0599]]),<m> purple = 30 </m>
1527,twenty purple block 's thirty,"blue = 40, purple = 40, red = 30, yellow = 50",tensor([[0.0582]]),<m> purple = 30 </m>
1528,twenty purple block 's thirty,"blue = 40, purple = 50, red = 30, yellow = 10",tensor([[0.0520]]),<m> purple = 30 </m>
1529,twenty purple block 's thirty,"blue = 40, purple = 50, red = 30, yellow = 20",tensor([[0.0479]]),<m> purple = 30 </m>
1530,twenty purple block 's thirty,"blue = 40, purple = 50, red = 30, yellow = 30",tensor([[0.0443]]),<m> purple = 30 </m>
1531,twenty purple block 's thirty,"blue = 40, purple = 50, red = 30, yellow = 40",tensor([[0.0595]]),<m> purple = 30 </m>
1532,twenty purple block 's thirty,"blue = 40, purple = 50, red = 30, yellow = 50",tensor([[0.0546]]),<m> purple = 30 </m>
1533,twenty purple block 's thirty,"blue = 50, green = 10, purple = 10, red = 30",tensor([[0.0512]]),<m> purple = 30 </m>
1534,twenty purple block 's thirty,"blue = 50, green = 10, purple = 20, red = 30",tensor([[0.0550]]),<m> purple = 30 </m>
1535,twenty purple block 's thirty,"blue = 50, green = 10, purple = 30, red = 30",tensor([[0.0507]]),<m> purple = 30 </m>
1536,twenty purple block 's thirty,"blue = 50, green = 10, purple = 40, red = 30",tensor([[0.0544]]),<m> purple = 30 </m>
1537,twenty purple block 's thirty,"blue = 50, green = 10, purple = 50, red = 30",tensor([[0.0521]]),<m> purple = 30 </m>
1538,twenty purple block 's thirty,"blue = 50, green = 20, purple = 10, red = 30",tensor([[0.0479]]),<m> purple = 30 </m>
1539,twenty purple block 's thirty,"blue = 50, green = 20, purple = 20, red = 30",tensor([[0.0483]]),<m> purple = 30 </m>
1540,twenty purple block 's thirty,"blue = 50, green = 20, purple = 30, red = 30",tensor([[0.0510]]),<m> purple = 30 </m>
1541,twenty purple block 's thirty,"blue = 50, green = 20, purple = 40, red = 30",tensor([[0.0455]]),<m> purple = 30 </m>
1542,twenty purple block 's thirty,"blue = 50, green = 20, purple = 50, red = 30",tensor([[0.0509]]),<m> purple = 30 </m>
1543,twenty purple block 's thirty,"blue = 50, green = 30, purple = 10, red = 30",tensor([[0.0516]]),<m> purple = 30 </m>
1544,twenty purple block 's thirty,"blue = 50, green = 30, purple = 20, red = 30",tensor([[0.0416]]),<m> purple = 30 </m>
1545,twenty purple block 's thirty,"blue = 50, green = 30, purple = 30, red = 30",tensor([[0.0435]]),<m> purple = 30 </m>
1546,twenty purple block 's thirty,"blue = 50, green = 30, purple = 40, red = 30",tensor([[0.0485]]),<m> purple = 30 </m>
1547,twenty purple block 's thirty,"blue = 50, green = 30, purple = 50, red = 30",tensor([[0.0530]]),<m> purple = 30 </m>
1548,twenty purple block 's thirty,"blue = 50, green = 40, purple = 10, red = 30",tensor([[0.0530]]),<m> purple = 30 </m>
1549,twenty purple block 's thirty,"blue = 50, green = 40, purple = 20, red = 30",tensor([[0.0527]]),<m> purple = 30 </m>
1550,twenty purple block 's thirty,"blue = 50, green = 40, purple = 30, red = 30",tensor([[0.0439]]),<m> purple = 30 </m>
1551,twenty purple block 's thirty,"blue = 50, green = 40, purple = 40, red = 30",tensor([[0.0447]]),<m> purple = 30 </m>
1552,twenty purple block 's thirty,"blue = 50, green = 40, purple = 50, red = 30",tensor([[0.0430]]),<m> purple = 30 </m>
1553,twenty purple block 's thirty,"blue = 50, green = 50, purple = 10, red = 30",tensor([[0.0419]]),<m> purple = 30 </m>
1554,twenty purple block 's thirty,"blue = 50, green = 50, purple = 20, red = 30",tensor([[0.0484]]),<m> purple = 30 </m>
1555,twenty purple block 's thirty,"blue = 50, green = 50, purple = 30, red = 30",tensor([[0.0499]]),<m> purple = 30 </m>
1556,twenty purple block 's thirty,"blue = 50, green = 50, purple = 40, red = 30",tensor([[0.0545]]),<m> purple = 30 </m>
1557,twenty purple block 's thirty,"blue = 50, green = 50, purple = 50, red = 30",tensor([[0.0470]]),<m> purple = 30 </m>
1558,twenty purple block 's thirty,"blue = 50, purple = 10, red = 30, yellow = 10",tensor([[0.0600]]),<m> purple = 30 </m>
1559,twenty purple block 's thirty,"blue = 50, purple = 10, red = 30, yellow = 20",tensor([[0.0446]]),<m> purple = 30 </m>
1560,twenty purple block 's thirty,"blue = 50, purple = 10, red = 30, yellow = 30",tensor([[0.0454]]),<m> purple = 30 </m>
1561,twenty purple block 's thirty,"blue = 50, purple = 10, red = 30, yellow = 40",tensor([[0.0483]]),<m> purple = 30 </m>
1562,twenty purple block 's thirty,"blue = 50, purple = 10, red = 30, yellow = 50",tensor([[0.0475]]),<m> purple = 30 </m>
1563,twenty purple block 's thirty,"blue = 50, purple = 20, red = 30, yellow = 10",tensor([[0.0584]]),<m> purple = 30 </m>
1564,twenty purple block 's thirty,"blue = 50, purple = 20, red = 30, yellow = 20",tensor([[0.0441]]),<m> purple = 30 </m>
1565,twenty purple block 's thirty,"blue = 50, purple = 20, red = 30, yellow = 30",tensor([[0.0559]]),<m> purple = 30 </m>
1566,twenty purple block 's thirty,"blue = 50, purple = 20, red = 30, yellow = 40",tensor([[0.0570]]),<m> purple = 30 </m>
1567,twenty purple block 's thirty,"blue = 50, purple = 20, red = 30, yellow = 50",tensor([[0.0527]]),<m> purple = 30 </m>
1568,twenty purple block 's thirty,"blue = 50, purple = 30, red = 30, yellow = 10",tensor([[0.0571]]),<m> purple = 30 </m>
1569,twenty purple block 's thirty,"blue = 50, purple = 30, red = 30, yellow = 20",tensor([[0.0526]]),<m> purple = 30 </m>
1570,twenty purple block 's thirty,"blue = 50, purple = 30, red = 30, yellow = 30",tensor([[0.0516]]),<m> purple = 30 </m>
1571,twenty purple block 's thirty,"blue = 50, purple = 30, red = 30, yellow = 40",tensor([[0.0602]]),<m> purple = 30 </m>
1572,twenty purple block 's thirty,"blue = 50, purple = 30, red = 30, yellow = 50",tensor([[0.0550]]),<m> purple = 30 </m>
1573,twenty purple block 's thirty,"blue = 50, purple = 40, red = 30, yellow = 10",tensor([[0.0562]]),<m> purple = 30 </m>
1574,twenty purple block 's thirty,"blue = 50, purple = 40, red = 30, yellow = 20",tensor([[0.0511]]),<m> purple = 30 </m>
1575,twenty purple block 's thirty,"blue = 50, purple = 40, red = 30, yellow = 30",tensor([[0.0523]]),<m> purple = 30 </m>
1576,twenty purple block 's thirty,"blue = 50, purple = 40, red = 30, yellow = 40",tensor([[0.0633]]),<m> purple = 30 </m>
1577,twenty purple block 's thirty,"blue = 50, purple = 40, red = 30, yellow = 50",tensor([[0.0518]]),<m> purple = 30 </m>
1578,twenty purple block 's thirty,"blue = 50, purple = 50, red = 30, yellow = 10",tensor([[0.0512]]),<m> purple = 30 </m>
1579,twenty purple block 's thirty,"blue = 50, purple = 50, red = 30, yellow = 20",tensor([[0.0476]]),<m> purple = 30 </m>
1580,twenty purple block 's thirty,"blue = 50, purple = 50, red = 30, yellow = 30",tensor([[0.0519]]),<m> purple = 30 </m>
1581,twenty purple block 's thirty,"blue = 50, purple = 50, red = 30, yellow = 40",tensor([[0.0468]]),<m> purple = 30 </m>
1582,twenty purple block 's thirty,"blue = 50, purple = 50, red = 30, yellow = 50",tensor([[0.0522]]),<m> purple = 30 </m>
1583,twenty purple block 's thirty,"green = 10, purple = 10, red = 30, yellow = 10",tensor([[0.0553]]),<m> purple = 30 </m>
1584,twenty purple block 's thirty,"green = 10, purple = 10, red = 30, yellow = 20",tensor([[0.0481]]),<m> purple = 30 </m>
1585,twenty purple block 's thirty,"green = 10, purple = 10, red = 30, yellow = 30",tensor([[0.0463]]),<m> purple = 30 </m>
1586,twenty purple block 's thirty,"green = 10, purple = 10, red = 30, yellow = 40",tensor([[0.0504]]),<m> purple = 30 </m>
1587,twenty purple block 's thirty,"green = 10, purple = 10, red = 30, yellow = 50",tensor([[0.0476]]),<m> purple = 30 </m>
1588,twenty purple block 's thirty,"green = 10, purple = 20, red = 30, yellow = 10",tensor([[0.0616]]),<m> purple = 30 </m>
1589,twenty purple block 's thirty,"green = 10, purple = 20, red = 30, yellow = 20",tensor([[0.0494]]),<m> purple = 30 </m>
1590,twenty purple block 's thirty,"green = 10, purple = 20, red = 30, yellow = 30",tensor([[0.0545]]),<m> purple = 30 </m>
1591,twenty purple block 's thirty,"green = 10, purple = 20, red = 30, yellow = 40",tensor([[0.0563]]),<m> purple = 30 </m>
1592,twenty purple block 's thirty,"green = 10, purple = 20, red = 30, yellow = 50",tensor([[0.0622]]),<m> purple = 30 </m>
1593,twenty purple block 's thirty,"green = 10, purple = 30, red = 30, yellow = 10",tensor([[0.0465]]),<m> purple = 30 </m>
1594,twenty purple block 's thirty,"green = 10, purple = 30, red = 30, yellow = 20",tensor([[0.0474]]),<m> purple = 30 </m>
1595,twenty purple block 's thirty,"green = 10, purple = 30, red = 30, yellow = 30",tensor([[0.0512]]),<m> purple = 30 </m>
1596,twenty purple block 's thirty,"green = 10, purple = 30, red = 30, yellow = 40",tensor([[0.0558]]),<m> purple = 30 </m>
1597,twenty purple block 's thirty,"green = 10, purple = 30, red = 30, yellow = 50",tensor([[0.0552]]),<m> purple = 30 </m>
1598,twenty purple block 's thirty,"green = 10, purple = 40, red = 30, yellow = 10",tensor([[0.0596]]),<m> purple = 30 </m>
1599,twenty purple block 's thirty,"green = 10, purple = 40, red = 30, yellow = 20",tensor([[0.0464]]),<m> purple = 30 </m>
1600,twenty purple block 's thirty,"green = 10, purple = 40, red = 30, yellow = 30",tensor([[0.0480]]),<m> purple = 30 </m>
1601,twenty purple block 's thirty,"green = 10, purple = 40, red = 30, yellow = 40",tensor([[0.0598]]),<m> purple = 30 </m>
1602,twenty purple block 's thirty,"green = 10, purple = 40, red = 30, yellow = 50",tensor([[0.0611]]),<m> purple = 30 </m>
1603,twenty purple block 's thirty,"green = 10, purple = 50, red = 30, yellow = 10",tensor([[0.0605]]),<m> purple = 30 </m>
1604,twenty purple block 's thirty,"green = 10, purple = 50, red = 30, yellow = 20",tensor([[0.0491]]),<m> purple = 30 </m>
1605,twenty purple block 's thirty,"green = 10, purple = 50, red = 30, yellow = 30",tensor([[0.0542]]),<m> purple = 30 </m>
1606,twenty purple block 's thirty,"green = 10, purple = 50, red = 30, yellow = 40",tensor([[0.0527]]),<m> purple = 30 </m>
1607,twenty purple block 's thirty,"green = 10, purple = 50, red = 30, yellow = 50",tensor([[0.0575]]),<m> purple = 30 </m>
1608,twenty purple block 's thirty,"green = 20, purple = 10, red = 30, yellow = 10",tensor([[0.0577]]),<m> purple = 30 </m>
1609,twenty purple block 's thirty,"green = 20, purple = 10, red = 30, yellow = 20",tensor([[0.0473]]),<m> purple = 30 </m>
1610,twenty purple block 's thirty,"green = 20, purple = 10, red = 30, yellow = 30",tensor([[0.0510]]),<m> purple = 30 </m>
1611,twenty purple block 's thirty,"green = 20, purple = 10, red = 30, yellow = 40",tensor([[0.0601]]),<m> purple = 30 </m>
1612,twenty purple block 's thirty,"green = 20, purple = 10, red = 30, yellow = 50",tensor([[0.0472]]),<m> purple = 30 </m>
1613,twenty purple block 's thirty,"green = 20, purple = 20, red = 30, yellow = 10",tensor([[0.0647]]),<m> purple = 30 </m>
1614,twenty purple block 's thirty,"green = 20, purple = 20, red = 30, yellow = 20",tensor([[0.0514]]),<m> purple = 30 </m>
1615,twenty purple block 's thirty,"green = 20, purple = 20, red = 30, yellow = 30",tensor([[0.0474]]),<m> purple = 30 </m>
1616,twenty purple block 's thirty,"green = 20, purple = 20, red = 30, yellow = 40",tensor([[0.0623]]),<m> purple = 30 </m>
1617,twenty purple block 's thirty,"green = 20, purple = 20, red = 30, yellow = 50",tensor([[0.0614]]),<m> purple = 30 </m>
1618,twenty purple block 's thirty,"green = 20, purple = 30, red = 30, yellow = 10",tensor([[0.0633]]),<m> purple = 30 </m>
1619,twenty purple block 's thirty,"green = 20, purple = 30, red = 30, yellow = 20",tensor([[0.0483]]),<m> purple = 30 </m>
1620,twenty purple block 's thirty,"green = 20, purple = 30, red = 30, yellow = 30",tensor([[0.0541]]),<m> purple = 30 </m>
1621,twenty purple block 's thirty,"green = 20, purple = 30, red = 30, yellow = 40",tensor([[0.0632]]),<m> purple = 30 </m>
1622,twenty purple block 's thirty,"green = 20, purple = 30, red = 30, yellow = 50",tensor([[0.0639]]),<m> purple = 30 </m>
1623,twenty purple block 's thirty,"green = 20, purple = 40, red = 30, yellow = 10",tensor([[0.0646]]),<m> purple = 30 </m>
1624,twenty purple block 's thirty,"green = 20, purple = 40, red = 30, yellow = 20",tensor([[0.0519]]),<m> purple = 30 </m>
1625,twenty purple block 's thirty,"green = 20, purple = 40, red = 30, yellow = 30",tensor([[0.0644]]),<m> purple = 30 </m>
1626,twenty purple block 's thirty,"green = 20, purple = 40, red = 30, yellow = 40",tensor([[0.0638]]),<m> purple = 30 </m>
1627,twenty purple block 's thirty,"green = 20, purple = 40, red = 30, yellow = 50",tensor([[0.0636]]),<m> purple = 30 </m>
1628,twenty purple block 's thirty,"green = 20, purple = 50, red = 30, yellow = 10",tensor([[0.0630]]),<m> purple = 30 </m>
1629,twenty purple block 's thirty,"green = 20, purple = 50, red = 30, yellow = 20",tensor([[0.0470]]),<m> purple = 30 </m>
1630,twenty purple block 's thirty,"green = 20, purple = 50, red = 30, yellow = 30",tensor([[0.0622]]),<m> purple = 30 </m>
1631,twenty purple block 's thirty,"green = 20, purple = 50, red = 30, yellow = 40",tensor([[0.0622]]),<m> purple = 30 </m>
1632,twenty purple block 's thirty,"green = 20, purple = 50, red = 30, yellow = 50",tensor([[0.0565]]),<m> purple = 30 </m>
1633,twenty purple block 's thirty,"green = 30, purple = 10, red = 30, yellow = 10",tensor([[0.0573]]),<m> purple = 30 </m>
1634,twenty purple block 's thirty,"green = 30, purple = 10, red = 30, yellow = 20",tensor([[0.0483]]),<m> purple = 30 </m>
1635,twenty purple block 's thirty,"green = 30, purple = 10, red = 30, yellow = 30",tensor([[0.0468]]),<m> purple = 30 </m>
1636,twenty purple block 's thirty,"green = 30, purple = 10, red = 30, yellow = 40",tensor([[0.0515]]),<m> purple = 30 </m>
1637,twenty purple block 's thirty,"green = 30, purple = 10, red = 30, yellow = 50",tensor([[0.0480]]),<m> purple = 30 </m>
1638,twenty purple block 's thirty,"green = 30, purple = 20, red = 30, yellow = 10",tensor([[0.0560]]),<m> purple = 30 </m>
1639,twenty purple block 's thirty,"green = 30, purple = 20, red = 30, yellow = 20",tensor([[0.0529]]),<m> purple = 30 </m>
1640,twenty purple block 's thirty,"green = 30, purple = 20, red = 30, yellow = 30",tensor([[0.0461]]),<m> purple = 30 </m>
1641,twenty purple block 's thirty,"green = 30, purple = 20, red = 30, yellow = 40",tensor([[0.0584]]),<m> purple = 30 </m>
1642,twenty purple block 's thirty,"green = 30, purple = 20, red = 30, yellow = 50",tensor([[0.0644]]),<m> purple = 30 </m>
1643,twenty purple block 's thirty,"green = 30, purple = 30, red = 30, yellow = 10",tensor([[0.0577]]),<m> purple = 30 </m>
1644,twenty purple block 's thirty,"green = 30, purple = 30, red = 30, yellow = 20",tensor([[0.0502]]),<m> purple = 30 </m>
1645,twenty purple block 's thirty,"green = 30, purple = 30, red = 30, yellow = 30",tensor([[0.0526]]),<m> purple = 30 </m>
1646,twenty purple block 's thirty,"green = 30, purple = 30, red = 30, yellow = 40",tensor([[0.0682]]),<m> purple = 30 </m>
1647,twenty purple block 's thirty,"green = 30, purple = 30, red = 30, yellow = 50",tensor([[0.0603]]),<m> purple = 30 </m>
1648,twenty purple block 's thirty,"green = 30, purple = 40, red = 30, yellow = 10",tensor([[0.0585]]),<m> purple = 30 </m>
1649,twenty purple block 's thirty,"green = 30, purple = 40, red = 30, yellow = 20",tensor([[0.0503]]),<m> purple = 30 </m>
1650,twenty purple block 's thirty,"green = 30, purple = 40, red = 30, yellow = 30",tensor([[0.0556]]),<m> purple = 30 </m>
1651,twenty purple block 's thirty,"green = 30, purple = 40, red = 30, yellow = 40",tensor([[0.0590]]),<m> purple = 30 </m>
1652,twenty purple block 's thirty,"green = 30, purple = 40, red = 30, yellow = 50",tensor([[0.0650]]),<m> purple = 30 </m>
1653,twenty purple block 's thirty,"green = 30, purple = 50, red = 30, yellow = 10",tensor([[0.0578]]),<m> purple = 30 </m>
1654,twenty purple block 's thirty,"green = 30, purple = 50, red = 30, yellow = 20",tensor([[0.0481]]),<m> purple = 30 </m>
1655,twenty purple block 's thirty,"green = 30, purple = 50, red = 30, yellow = 30",tensor([[0.0552]]),<m> purple = 30 </m>
1656,twenty purple block 's thirty,"green = 30, purple = 50, red = 30, yellow = 40",tensor([[0.0583]]),<m> purple = 30 </m>
1657,twenty purple block 's thirty,"green = 30, purple = 50, red = 30, yellow = 50",tensor([[0.0644]]),<m> purple = 30 </m>
1658,twenty purple block 's thirty,"green = 40, purple = 10, red = 30, yellow = 10",tensor([[0.0600]]),<m> purple = 30 </m>
1659,twenty purple block 's thirty,"green = 40, purple = 10, red = 30, yellow = 20",tensor([[0.0486]]),<m> purple = 30 </m>
1660,twenty purple block 's thirty,"green = 40, purple = 10, red = 30, yellow = 30",tensor([[0.0508]]),<m> purple = 30 </m>
1661,twenty purple block 's thirty,"green = 40, purple = 10, red = 30, yellow = 40",tensor([[0.0525]]),<m> purple = 30 </m>
1662,twenty purple block 's thirty,"green = 40, purple = 10, red = 30, yellow = 50",tensor([[0.0527]]),<m> purple = 30 </m>
1663,twenty purple block 's thirty,"green = 40, purple = 20, red = 30, yellow = 10",tensor([[0.0620]]),<m> purple = 30 </m>
1664,twenty purple block 's thirty,"green = 40, purple = 20, red = 30, yellow = 20",tensor([[0.0457]]),<m> purple = 30 </m>
1665,twenty purple block 's thirty,"green = 40, purple = 20, red = 30, yellow = 30",tensor([[0.0521]]),<m> purple = 30 </m>
1666,twenty purple block 's thirty,"green = 40, purple = 20, red = 30, yellow = 40",tensor([[0.0628]]),<m> purple = 30 </m>
1667,twenty purple block 's thirty,"green = 40, purple = 20, red = 30, yellow = 50",tensor([[0.0556]]),<m> purple = 30 </m>
1668,twenty purple block 's thirty,"green = 40, purple = 30, red = 30, yellow = 10",tensor([[0.0554]]),<m> purple = 30 </m>
1669,twenty purple block 's thirty,"green = 40, purple = 30, red = 30, yellow = 20",tensor([[0.0427]]),<m> purple = 30 </m>
1670,twenty purple block 's thirty,"green = 40, purple = 30, red = 30, yellow = 30",tensor([[0.0542]]),<m> purple = 30 </m>
1671,twenty purple block 's thirty,"green = 40, purple = 30, red = 30, yellow = 40",tensor([[0.0622]]),<m> purple = 30 </m>
1672,twenty purple block 's thirty,"green = 40, purple = 30, red = 30, yellow = 50",tensor([[0.0639]]),<m> purple = 30 </m>
1673,twenty purple block 's thirty,"green = 40, purple = 40, red = 30, yellow = 10",tensor([[0.0566]]),<m> purple = 30 </m>
1674,twenty purple block 's thirty,"green = 40, purple = 40, red = 30, yellow = 20",tensor([[0.0541]]),<m> purple = 30 </m>
1675,twenty purple block 's thirty,"green = 40, purple = 40, red = 30, yellow = 30",tensor([[0.0592]]),<m> purple = 30 </m>
1676,twenty purple block 's thirty,"green = 40, purple = 40, red = 30, yellow = 40",tensor([[0.0616]]),<m> purple = 30 </m>
1677,twenty purple block 's thirty,"green = 40, purple = 40, red = 30, yellow = 50",tensor([[0.0561]]),<m> purple = 30 </m>
1678,twenty purple block 's thirty,"green = 40, purple = 50, red = 30, yellow = 10",tensor([[0.0576]]),<m> purple = 30 </m>
1679,twenty purple block 's thirty,"green = 40, purple = 50, red = 30, yellow = 20",tensor([[0.0534]]),<m> purple = 30 </m>
1680,twenty purple block 's thirty,"green = 40, purple = 50, red = 30, yellow = 30",tensor([[0.0491]]),<m> purple = 30 </m>
1681,twenty purple block 's thirty,"green = 40, purple = 50, red = 30, yellow = 40",tensor([[0.0588]]),<m> purple = 30 </m>
1682,twenty purple block 's thirty,"green = 40, purple = 50, red = 30, yellow = 50",tensor([[0.0587]]),<m> purple = 30 </m>
1683,twenty purple block 's thirty,"green = 50, purple = 10, red = 30, yellow = 10",tensor([[0.0596]]),<m> purple = 30 </m>
1684,twenty purple block 's thirty,"green = 50, purple = 10, red = 30, yellow = 20",tensor([[0.0430]]),<m> purple = 30 </m>
1685,twenty purple block 's thirty,"green = 50, purple = 10, red = 30, yellow = 30",tensor([[0.0495]]),<m> purple = 30 </m>
1686,twenty purple block 's thirty,"green = 50, purple = 10, red = 30, yellow = 40",tensor([[0.0525]]),<m> purple = 30 </m>
1687,twenty purple block 's thirty,"green = 50, purple = 10, red = 30, yellow = 50",tensor([[0.0523]]),<m> purple = 30 </m>
1688,twenty purple block 's thirty,"green = 50, purple = 20, red = 30, yellow = 10",tensor([[0.0568]]),<m> purple = 30 </m>
1689,twenty purple block 's thirty,"green = 50, purple = 20, red = 30, yellow = 20",tensor([[0.0475]]),<m> purple = 30 </m>
1690,twenty purple block 's thirty,"green = 50, purple = 20, red = 30, yellow = 30",tensor([[0.0495]]),<m> purple = 30 </m>
1691,twenty purple block 's thirty,"green = 50, purple = 20, red = 30, yellow = 40",tensor([[0.0593]]),<m> purple = 30 </m>
1692,twenty purple block 's thirty,"green = 50, purple = 20, red = 30, yellow = 50",tensor([[0.0549]]),<m> purple = 30 </m>
1693,twenty purple block 's thirty,"green = 50, purple = 30, red = 30, yellow = 10",tensor([[0.0600]]),<m> purple = 30 </m>
1694,twenty purple block 's thirty,"green = 50, purple = 30, red = 30, yellow = 20",tensor([[0.0519]]),<m> purple = 30 </m>
1695,twenty purple block 's thirty,"green = 50, purple = 30, red = 30, yellow = 30",tensor([[0.0525]]),<m> purple = 30 </m>
1696,twenty purple block 's thirty,"green = 50, purple = 30, red = 30, yellow = 40",tensor([[0.0563]]),<m> purple = 30 </m>
1697,twenty purple block 's thirty,"green = 50, purple = 30, red = 30, yellow = 50",tensor([[0.0497]]),<m> purple = 30 </m>
1698,twenty purple block 's thirty,"green = 50, purple = 40, red = 30, yellow = 10",tensor([[0.0569]]),<m> purple = 30 </m>
1699,twenty purple block 's thirty,"green = 50, purple = 40, red = 30, yellow = 20",tensor([[0.0541]]),<m> purple = 30 </m>
1700,twenty purple block 's thirty,"green = 50, purple = 40, red = 30, yellow = 30",tensor([[0.0569]]),<m> purple = 30 </m>
1701,twenty purple block 's thirty,"green = 50, purple = 40, red = 30, yellow = 40",tensor([[0.0634]]),<m> purple = 30 </m>
1702,twenty purple block 's thirty,"green = 50, purple = 40, red = 30, yellow = 50",tensor([[0.0567]]),<m> purple = 30 </m>
1703,twenty purple block 's thirty,"green = 50, purple = 50, red = 30, yellow = 10",tensor([[0.0556]]),<m> purple = 30 </m>
1704,twenty purple block 's thirty,"green = 50, purple = 50, red = 30, yellow = 20",tensor([[0.0521]]),<m> purple = 30 </m>
1705,twenty purple block 's thirty,"green = 50, purple = 50, red = 30, yellow = 30",tensor([[0.0550]]),<m> purple = 30 </m>
1706,twenty purple block 's thirty,"green = 50, purple = 50, red = 30, yellow = 40",tensor([[0.0524]]),<m> purple = 30 </m>
1707,twenty purple block 's thirty,"green = 50, purple = 50, red = 30, yellow = 50",tensor([[0.0543]]),<m> purple = 30 </m>
1708,twenty purple block 's thirty,"blue = 10, green = 10, purple = 20, red = 40",tensor([[0.0480]]),<m> purple = 30 </m>
1709,twenty purple block 's thirty,"blue = 10, green = 10, purple = 30, red = 40",tensor([[0.0480]]),<m> purple = 30 </m>
1710,twenty purple block 's thirty,"blue = 10, green = 20, purple = 10, red = 40",tensor([[0.0523]]),<m> purple = 30 </m>
1711,twenty purple block 's thirty,"blue = 10, green = 20, purple = 20, red = 40",tensor([[0.0492]]),<m> purple = 30 </m>
1712,twenty purple block 's thirty,"blue = 10, green = 20, purple = 30, red = 40",tensor([[0.0541]]),<m> purple = 30 </m>
1713,twenty purple block 's thirty,"blue = 10, green = 20, purple = 40, red = 40",tensor([[0.0543]]),<m> purple = 30 </m>
1714,twenty purple block 's thirty,"blue = 10, green = 20, purple = 50, red = 40",tensor([[0.0463]]),<m> purple = 30 </m>
1715,twenty purple block 's thirty,"blue = 10, green = 30, purple = 10, red = 40",tensor([[0.0524]]),<m> purple = 30 </m>
1716,twenty purple block 's thirty,"blue = 10, green = 30, purple = 20, red = 40",tensor([[0.0583]]),<m> purple = 30 </m>
1717,twenty purple block 's thirty,"blue = 10, green = 30, purple = 30, red = 40",tensor([[0.0588]]),<m> purple = 30 </m>
1718,twenty purple block 's thirty,"blue = 10, green = 30, purple = 40, red = 40",tensor([[0.0589]]),<m> purple = 30 </m>
1719,twenty purple block 's thirty,"blue = 10, green = 30, purple = 50, red = 40",tensor([[0.0637]]),<m> purple = 30 </m>
1720,twenty purple block 's thirty,"blue = 10, green = 40, purple = 20, red = 40",tensor([[0.0463]]),<m> purple = 30 </m>
1721,twenty purple block 's thirty,"blue = 10, green = 40, purple = 30, red = 40",tensor([[0.0603]]),<m> purple = 30 </m>
1722,twenty purple block 's thirty,"blue = 10, green = 50, purple = 20, red = 40",tensor([[0.0453]]),<m> purple = 30 </m>
1723,twenty purple block 's thirty,"blue = 10, green = 50, purple = 30, red = 40",tensor([[0.0473]]),<m> purple = 30 </m>
1724,twenty purple block 's thirty,"blue = 10, purple = 10, red = 40, yellow = 20",tensor([[0.0484]]),<m> purple = 30 </m>
1725,twenty purple block 's thirty,"blue = 10, purple = 10, red = 40, yellow = 30",tensor([[0.0461]]),<m> purple = 30 </m>
1726,twenty purple block 's thirty,"blue = 10, purple = 20, red = 40, yellow = 10",tensor([[0.0629]]),<m> purple = 30 </m>
1727,twenty purple block 's thirty,"blue = 10, purple = 20, red = 40, yellow = 20",tensor([[0.0504]]),<m> purple = 30 </m>
1728,twenty purple block 's thirty,"blue = 10, purple = 20, red = 40, yellow = 30",tensor([[0.0569]]),<m> purple = 30 </m>
1729,twenty purple block 's thirty,"blue = 10, purple = 20, red = 40, yellow = 40",tensor([[0.0581]]),<m> purple = 30 </m>
1730,twenty purple block 's thirty,"blue = 10, purple = 20, red = 40, yellow = 50",tensor([[0.0531]]),<m> purple = 30 </m>
1731,twenty purple block 's thirty,"blue = 10, purple = 30, red = 40, yellow = 10",tensor([[0.0660]]),<m> purple = 30 </m>
1732,twenty purple block 's thirty,"blue = 10, purple = 30, red = 40, yellow = 20",tensor([[0.0577]]),<m> purple = 30 </m>
1733,twenty purple block 's thirty,"blue = 10, purple = 30, red = 40, yellow = 30",tensor([[0.0497]]),<m> purple = 30 </m>
1734,twenty purple block 's thirty,"blue = 10, purple = 30, red = 40, yellow = 40",tensor([[0.0646]]),<m> purple = 30 </m>
1735,twenty purple block 's thirty,"blue = 10, purple = 30, red = 40, yellow = 50",tensor([[0.0663]]),<m> purple = 30 </m>
1736,twenty purple block 's thirty,"blue = 10, purple = 40, red = 40, yellow = 20",tensor([[0.0523]]),<m> purple = 30 </m>
1737,twenty purple block 's thirty,"blue = 10, purple = 40, red = 40, yellow = 30",tensor([[0.0553]]),<m> purple = 30 </m>
1738,twenty purple block 's thirty,"blue = 10, purple = 50, red = 40, yellow = 20",tensor([[0.0532]]),<m> purple = 30 </m>
1739,twenty purple block 's thirty,"blue = 10, purple = 50, red = 40, yellow = 30",tensor([[0.0564]]),<m> purple = 30 </m>
1740,twenty purple block 's thirty,"blue = 20, green = 10, purple = 10, red = 40",tensor([[0.0464]]),<m> purple = 30 </m>
1741,twenty purple block 's thirty,"blue = 20, green = 10, purple = 20, red = 40",tensor([[0.0536]]),<m> purple = 30 </m>
1742,twenty purple block 's thirty,"blue = 20, green = 10, purple = 30, red = 40",tensor([[0.0563]]),<m> purple = 30 </m>
1743,twenty purple block 's thirty,"blue = 20, green = 10, purple = 40, red = 40",tensor([[0.0426]]),<m> purple = 30 </m>
1744,twenty purple block 's thirty,"blue = 20, green = 10, purple = 50, red = 40",tensor([[0.0501]]),<m> purple = 30 </m>
1745,twenty purple block 's thirty,"blue = 20, green = 20, purple = 10, red = 40",tensor([[0.0523]]),<m> purple = 30 </m>
1746,twenty purple block 's thirty,"blue = 20, green = 20, purple = 20, red = 40",tensor([[0.0508]]),<m> purple = 30 </m>
1747,twenty purple block 's thirty,"blue = 20, green = 20, purple = 30, red = 40",tensor([[0.0590]]),<m> purple = 30 </m>
1748,twenty purple block 's thirty,"blue = 20, green = 20, purple = 40, red = 40",tensor([[0.0522]]),<m> purple = 30 </m>
1749,twenty purple block 's thirty,"blue = 20, green = 20, purple = 50, red = 40",tensor([[0.0508]]),<m> purple = 30 </m>
1750,twenty purple block 's thirty,"blue = 20, green = 30, purple = 10, red = 40",tensor([[0.0586]]),<m> purple = 30 </m>
1751,twenty purple block 's thirty,"blue = 20, green = 30, purple = 20, red = 40",tensor([[0.0599]]),<m> purple = 30 </m>
1752,twenty purple block 's thirty,"blue = 20, green = 30, purple = 30, red = 40",tensor([[0.0623]]),<m> purple = 30 </m>
1753,twenty purple block 's thirty,"blue = 20, green = 30, purple = 40, red = 40",tensor([[0.0635]]),<m> purple = 30 </m>
1754,twenty purple block 's thirty,"blue = 20, green = 30, purple = 50, red = 40",tensor([[0.0623]]),<m> purple = 30 </m>
1755,twenty purple block 's thirty,"blue = 20, green = 40, purple = 10, red = 40",tensor([[0.0511]]),<m> purple = 30 </m>
1756,twenty purple block 's thirty,"blue = 20, green = 40, purple = 20, red = 40",tensor([[0.0508]]),<m> purple = 30 </m>
1757,twenty purple block 's thirty,"blue = 20, green = 40, purple = 30, red = 40",tensor([[0.0615]]),<m> purple = 30 </m>
1758,twenty purple block 's thirty,"blue = 20, green = 40, purple = 40, red = 40",tensor([[0.0510]]),<m> purple = 30 </m>
1759,twenty purple block 's thirty,"blue = 20, green = 40, purple = 50, red = 40",tensor([[0.0582]]),<m> purple = 30 </m>
1760,twenty purple block 's thirty,"blue = 20, green = 50, purple = 10, red = 40",tensor([[0.0567]]),<m> purple = 30 </m>
1761,twenty purple block 's thirty,"blue = 20, green = 50, purple = 20, red = 40",tensor([[0.0539]]),<m> purple = 30 </m>
1762,twenty purple block 's thirty,"blue = 20, green = 50, purple = 30, red = 40",tensor([[0.0602]]),<m> purple = 30 </m>
1763,twenty purple block 's thirty,"blue = 20, green = 50, purple = 40, red = 40",tensor([[0.0508]]),<m> purple = 30 </m>
1764,twenty purple block 's thirty,"blue = 20, green = 50, purple = 50, red = 40",tensor([[0.0534]]),<m> purple = 30 </m>
1765,twenty purple block 's thirty,"blue = 20, purple = 10, red = 40, yellow = 10",tensor([[0.0511]]),<m> purple = 30 </m>
1766,twenty purple block 's thirty,"blue = 20, purple = 10, red = 40, yellow = 20",tensor([[0.0520]]),<m> purple = 30 </m>
1767,twenty purple block 's thirty,"blue = 20, purple = 10, red = 40, yellow = 30",tensor([[0.0474]]),<m> purple = 30 </m>
1768,twenty purple block 's thirty,"blue = 20, purple = 10, red = 40, yellow = 40",tensor([[0.0446]]),<m> purple = 30 </m>
1769,twenty purple block 's thirty,"blue = 20, purple = 10, red = 40, yellow = 50",tensor([[0.0536]]),<m> purple = 30 </m>
1770,twenty purple block 's thirty,"blue = 20, purple = 20, red = 40, yellow = 10",tensor([[0.0496]]),<m> purple = 30 </m>
1771,twenty purple block 's thirty,"blue = 20, purple = 20, red = 40, yellow = 20",tensor([[0.0454]]),<m> purple = 30 </m>
1772,twenty purple block 's thirty,"blue = 20, purple = 20, red = 40, yellow = 30",tensor([[0.0487]]),<m> purple = 30 </m>
1773,twenty purple block 's thirty,"blue = 20, purple = 20, red = 40, yellow = 40",tensor([[0.0517]]),<m> purple = 30 </m>
1774,twenty purple block 's thirty,"blue = 20, purple = 20, red = 40, yellow = 50",tensor([[0.0440]]),<m> purple = 30 </m>
1775,twenty purple block 's thirty,"blue = 20, purple = 30, red = 40, yellow = 10",tensor([[0.0662]]),<m> purple = 30 </m>
1776,twenty purple block 's thirty,"blue = 20, purple = 30, red = 40, yellow = 20",tensor([[0.0527]]),<m> purple = 30 </m>
1777,twenty purple block 's thirty,"blue = 20, purple = 30, red = 40, yellow = 30",tensor([[0.0591]]),<m> purple = 30 </m>
1778,twenty purple block 's thirty,"blue = 20, purple = 30, red = 40, yellow = 40",tensor([[0.0566]]),<m> purple = 30 </m>
1779,twenty purple block 's thirty,"blue = 20, purple = 30, red = 40, yellow = 50",tensor([[0.0621]]),<m> purple = 30 </m>
1780,twenty purple block 's thirty,"blue = 20, purple = 40, red = 40, yellow = 10",tensor([[0.0600]]),<m> purple = 30 </m>
1781,twenty purple block 's thirty,"blue = 20, purple = 40, red = 40, yellow = 20",tensor([[0.0466]]),<m> purple = 30 </m>
1782,twenty purple block 's thirty,"blue = 20, purple = 40, red = 40, yellow = 30",tensor([[0.0534]]),<m> purple = 30 </m>
1783,twenty purple block 's thirty,"blue = 20, purple = 40, red = 40, yellow = 40",tensor([[0.0499]]),<m> purple = 30 </m>
1784,twenty purple block 's thirty,"blue = 20, purple = 40, red = 40, yellow = 50",tensor([[0.0541]]),<m> purple = 30 </m>
1785,twenty purple block 's thirty,"blue = 20, purple = 50, red = 40, yellow = 10",tensor([[0.0576]]),<m> purple = 30 </m>
1786,twenty purple block 's thirty,"blue = 20, purple = 50, red = 40, yellow = 20",tensor([[0.0445]]),<m> purple = 30 </m>
1787,twenty purple block 's thirty,"blue = 20, purple = 50, red = 40, yellow = 30",tensor([[0.0492]]),<m> purple = 30 </m>
1788,twenty purple block 's thirty,"blue = 20, purple = 50, red = 40, yellow = 40",tensor([[0.0479]]),<m> purple = 30 </m>
1789,twenty purple block 's thirty,"blue = 20, purple = 50, red = 40, yellow = 50",tensor([[0.0487]]),<m> purple = 30 </m>
1790,twenty purple block 's thirty,"blue = 30, green = 10, purple = 10, red = 40",tensor([[0.0456]]),<m> purple = 30 </m>
1791,twenty purple block 's thirty,"blue = 30, green = 10, purple = 20, red = 40",tensor([[0.0458]]),<m> purple = 30 </m>
1792,twenty purple block 's thirty,"blue = 30, green = 10, purple = 30, red = 40",tensor([[0.0490]]),<m> purple = 30 </m>
1793,twenty purple block 's thirty,"blue = 30, green = 10, purple = 40, red = 40",tensor([[0.0500]]),<m> purple = 30 </m>
1794,twenty purple block 's thirty,"blue = 30, green = 10, purple = 50, red = 40",tensor([[0.0508]]),<m> purple = 30 </m>
1795,twenty purple block 's thirty,"blue = 30, green = 20, purple = 10, red = 40",tensor([[0.0448]]),<m> purple = 30 </m>
1796,twenty purple block 's thirty,"blue = 30, green = 20, purple = 20, red = 40",tensor([[0.0451]]),<m> purple = 30 </m>
1797,twenty purple block 's thirty,"blue = 30, green = 20, purple = 30, red = 40",tensor([[0.0611]]),<m> purple = 30 </m>
1798,twenty purple block 's thirty,"blue = 30, green = 20, purple = 40, red = 40",tensor([[0.0556]]),<m> purple = 30 </m>
1799,twenty purple block 's thirty,"blue = 30, green = 20, purple = 50, red = 40",tensor([[0.0514]]),<m> purple = 30 </m>
1800,twenty purple block 's thirty,"blue = 30, green = 30, purple = 10, red = 40",tensor([[0.0530]]),<m> purple = 30 </m>
1801,twenty purple block 's thirty,"blue = 30, green = 30, purple = 20, red = 40",tensor([[0.0482]]),<m> purple = 30 </m>
1802,twenty purple block 's thirty,"blue = 30, green = 30, purple = 30, red = 40",tensor([[0.0650]]),<m> purple = 30 </m>
1803,twenty purple block 's thirty,"blue = 30, green = 30, purple = 40, red = 40",tensor([[0.0532]]),<m> purple = 30 </m>
1804,twenty purple block 's thirty,"blue = 30, green = 30, purple = 50, red = 40",tensor([[0.0534]]),<m> purple = 30 </m>
1805,twenty purple block 's thirty,"blue = 30, green = 40, purple = 10, red = 40",tensor([[0.0476]]),<m> purple = 30 </m>
1806,twenty purple block 's thirty,"blue = 30, green = 40, purple = 20, red = 40",tensor([[0.0444]]),<m> purple = 30 </m>
1807,twenty purple block 's thirty,"blue = 30, green = 40, purple = 30, red = 40",tensor([[0.0547]]),<m> purple = 30 </m>
1808,twenty purple block 's thirty,"blue = 30, green = 40, purple = 40, red = 40",tensor([[0.0558]]),<m> purple = 30 </m>
1809,twenty purple block 's thirty,"blue = 30, green = 40, purple = 50, red = 40",tensor([[0.0614]]),<m> purple = 30 </m>
1810,twenty purple block 's thirty,"blue = 30, green = 50, purple = 10, red = 40",tensor([[0.0505]]),<m> purple = 30 </m>
1811,twenty purple block 's thirty,"blue = 30, green = 50, purple = 20, red = 40",tensor([[0.0507]]),<m> purple = 30 </m>
1812,twenty purple block 's thirty,"blue = 30, green = 50, purple = 30, red = 40",tensor([[0.0538]]),<m> purple = 30 </m>
1813,twenty purple block 's thirty,"blue = 30, green = 50, purple = 40, red = 40",tensor([[0.0558]]),<m> purple = 30 </m>
1814,twenty purple block 's thirty,"blue = 30, green = 50, purple = 50, red = 40",tensor([[0.0511]]),<m> purple = 30 </m>
1815,twenty purple block 's thirty,"blue = 30, purple = 10, red = 40, yellow = 10",tensor([[0.0488]]),<m> purple = 30 </m>
1816,twenty purple block 's thirty,"blue = 30, purple = 10, red = 40, yellow = 20",tensor([[0.0506]]),<m> purple = 30 </m>
1817,twenty purple block 's thirty,"blue = 30, purple = 10, red = 40, yellow = 30",tensor([[0.0490]]),<m> purple = 30 </m>
1818,twenty purple block 's thirty,"blue = 30, purple = 10, red = 40, yellow = 40",tensor([[0.0529]]),<m> purple = 30 </m>
1819,twenty purple block 's thirty,"blue = 30, purple = 10, red = 40, yellow = 50",tensor([[0.0462]]),<m> purple = 30 </m>
1820,twenty purple block 's thirty,"blue = 30, purple = 20, red = 40, yellow = 10",tensor([[0.0624]]),<m> purple = 30 </m>
1821,twenty purple block 's thirty,"blue = 30, purple = 20, red = 40, yellow = 20",tensor([[0.0531]]),<m> purple = 30 </m>
1822,twenty purple block 's thirty,"blue = 30, purple = 20, red = 40, yellow = 30",tensor([[0.0552]]),<m> purple = 30 </m>
1823,twenty purple block 's thirty,"blue = 30, purple = 20, red = 40, yellow = 40",tensor([[0.0534]]),<m> purple = 30 </m>
1824,twenty purple block 's thirty,"blue = 30, purple = 20, red = 40, yellow = 50",tensor([[0.0533]]),<m> purple = 30 </m>
1825,twenty purple block 's thirty,"blue = 30, purple = 30, red = 40, yellow = 10",tensor([[0.0617]]),<m> purple = 30 </m>
1826,twenty purple block 's thirty,"blue = 30, purple = 30, red = 40, yellow = 20",tensor([[0.0533]]),<m> purple = 30 </m>
1827,twenty purple block 's thirty,"blue = 30, purple = 30, red = 40, yellow = 30",tensor([[0.0552]]),<m> purple = 30 </m>
1828,twenty purple block 's thirty,"blue = 30, purple = 30, red = 40, yellow = 40",tensor([[0.0637]]),<m> purple = 30 </m>
1829,twenty purple block 's thirty,"blue = 30, purple = 30, red = 40, yellow = 50",tensor([[0.0516]]),<m> purple = 30 </m>
1830,twenty purple block 's thirty,"blue = 30, purple = 40, red = 40, yellow = 10",tensor([[0.0525]]),<m> purple = 30 </m>
1831,twenty purple block 's thirty,"blue = 30, purple = 40, red = 40, yellow = 20",tensor([[0.0570]]),<m> purple = 30 </m>
1832,twenty purple block 's thirty,"blue = 30, purple = 40, red = 40, yellow = 30",tensor([[0.0570]]),<m> purple = 30 </m>
1833,twenty purple block 's thirty,"blue = 30, purple = 40, red = 40, yellow = 40",tensor([[0.0524]]),<m> purple = 30 </m>
1834,twenty purple block 's thirty,"blue = 30, purple = 40, red = 40, yellow = 50",tensor([[0.0514]]),<m> purple = 30 </m>
1835,twenty purple block 's thirty,"blue = 30, purple = 50, red = 40, yellow = 10",tensor([[0.0545]]),<m> purple = 30 </m>
1836,twenty purple block 's thirty,"blue = 30, purple = 50, red = 40, yellow = 20",tensor([[0.0555]]),<m> purple = 30 </m>
1837,twenty purple block 's thirty,"blue = 30, purple = 50, red = 40, yellow = 30",tensor([[0.0488]]),<m> purple = 30 </m>
1838,twenty purple block 's thirty,"blue = 30, purple = 50, red = 40, yellow = 40",tensor([[0.0557]]),<m> purple = 30 </m>
1839,twenty purple block 's thirty,"blue = 30, purple = 50, red = 40, yellow = 50",tensor([[0.0533]]),<m> purple = 30 </m>
1840,twenty purple block 's thirty,"blue = 40, green = 10, purple = 20, red = 40",tensor([[0.0457]]),<m> purple = 30 </m>
1841,twenty purple block 's thirty,"blue = 40, green = 10, purple = 30, red = 40",tensor([[0.0434]]),<m> purple = 30 </m>
1842,twenty purple block 's thirty,"blue = 40, green = 20, purple = 10, red = 40",tensor([[0.0456]]),<m> purple = 30 </m>
1843,twenty purple block 's thirty,"blue = 40, green = 20, purple = 20, red = 40",tensor([[0.0522]]),<m> purple = 30 </m>
1844,twenty purple block 's thirty,"blue = 40, green = 20, purple = 30, red = 40",tensor([[0.0590]]),<m> purple = 30 </m>
1845,twenty purple block 's thirty,"blue = 40, green = 20, purple = 40, red = 40",tensor([[0.0506]]),<m> purple = 30 </m>
1846,twenty purple block 's thirty,"blue = 40, green = 20, purple = 50, red = 40",tensor([[0.0519]]),<m> purple = 30 </m>
1847,twenty purple block 's thirty,"blue = 40, green = 30, purple = 10, red = 40",tensor([[0.0559]]),<m> purple = 30 </m>
1848,twenty purple block 's thirty,"blue = 40, green = 30, purple = 20, red = 40",tensor([[0.0598]]),<m> purple = 30 </m>
1849,twenty purple block 's thirty,"blue = 40, green = 30, purple = 30, red = 40",tensor([[0.0590]]),<m> purple = 30 </m>
1850,twenty purple block 's thirty,"blue = 40, green = 30, purple = 40, red = 40",tensor([[0.0637]]),<m> purple = 30 </m>
1851,twenty purple block 's thirty,"blue = 40, green = 30, purple = 50, red = 40",tensor([[0.0602]]),<m> purple = 30 </m>
1852,twenty purple block 's thirty,"blue = 40, green = 40, purple = 20, red = 40",tensor([[0.0484]]),<m> purple = 30 </m>
1853,twenty purple block 's thirty,"blue = 40, green = 40, purple = 30, red = 40",tensor([[0.0579]]),<m> purple = 30 </m>
1854,twenty purple block 's thirty,"blue = 40, green = 50, purple = 20, red = 40",tensor([[0.0430]]),<m> purple = 30 </m>
1855,twenty purple block 's thirty,"blue = 40, green = 50, purple = 30, red = 40",tensor([[0.0445]]),<m> purple = 30 </m>
1856,twenty purple block 's thirty,"blue = 40, purple = 10, red = 40, yellow = 20",tensor([[0.0517]]),<m> purple = 30 </m>
1857,twenty purple block 's thirty,"blue = 40, purple = 10, red = 40, yellow = 30",tensor([[0.0506]]),<m> purple = 30 </m>
1858,twenty purple block 's thirty,"blue = 40, purple = 20, red = 40, yellow = 10",tensor([[0.0526]]),<m> purple = 30 </m>
1859,twenty purple block 's thirty,"blue = 40, purple = 20, red = 40, yellow = 20",tensor([[0.0527]]),<m> purple = 30 </m>
1860,twenty purple block 's thirty,"blue = 40, purple = 20, red = 40, yellow = 30",tensor([[0.0526]]),<m> purple = 30 </m>
1861,twenty purple block 's thirty,"blue = 40, purple = 20, red = 40, yellow = 40",tensor([[0.0488]]),<m> purple = 30 </m>
1862,twenty purple block 's thirty,"blue = 40, purple = 20, red = 40, yellow = 50",tensor([[0.0470]]),<m> purple = 30 </m>
1863,twenty purple block 's thirty,"blue = 40, purple = 30, red = 40, yellow = 10",tensor([[0.0651]]),<m> purple = 30 </m>
1864,twenty purple block 's thirty,"blue = 40, purple = 30, red = 40, yellow = 20",tensor([[0.0555]]),<m> purple = 30 </m>
1865,twenty purple block 's thirty,"blue = 40, purple = 30, red = 40, yellow = 30",tensor([[0.0564]]),<m> purple = 30 </m>
1866,twenty purple block 's thirty,"blue = 40, purple = 30, red = 40, yellow = 40",tensor([[0.0659]]),<m> purple = 30 </m>
1867,twenty purple block 's thirty,"blue = 40, purple = 30, red = 40, yellow = 50",tensor([[0.0649]]),<m> purple = 30 </m>
1868,twenty purple block 's thirty,"blue = 40, purple = 40, red = 40, yellow = 20",tensor([[0.0479]]),<m> purple = 30 </m>
1869,twenty purple block 's thirty,"blue = 40, purple = 40, red = 40, yellow = 30",tensor([[0.0513]]),<m> purple = 30 </m>
1870,twenty purple block 's thirty,"blue = 40, purple = 50, red = 40, yellow = 20",tensor([[0.0500]]),<m> purple = 30 </m>
1871,twenty purple block 's thirty,"blue = 40, purple = 50, red = 40, yellow = 30",tensor([[0.0555]]),<m> purple = 30 </m>
1872,twenty purple block 's thirty,"blue = 50, green = 10, purple = 20, red = 40",tensor([[0.0414]]),<m> purple = 30 </m>
1873,twenty purple block 's thirty,"blue = 50, green = 10, purple = 30, red = 40",tensor([[0.0489]]),<m> purple = 30 </m>
1874,twenty purple block 's thirty,"blue = 50, green = 20, purple = 10, red = 40",tensor([[0.0457]]),<m> purple = 30 </m>
1875,twenty purple block 's thirty,"blue = 50, green = 20, purple = 20, red = 40",tensor([[0.0443]]),<m> purple = 30 </m>
1876,twenty purple block 's thirty,"blue = 50, green = 20, purple = 30, red = 40",tensor([[0.0598]]),<m> purple = 30 </m>
1877,twenty purple block 's thirty,"blue = 50, green = 20, purple = 40, red = 40",tensor([[0.0507]]),<m> purple = 30 </m>
1878,twenty purple block 's thirty,"blue = 50, green = 20, purple = 50, red = 40",tensor([[0.0403]]),<m> purple = 30 </m>
1879,twenty purple block 's thirty,"blue = 50, green = 30, purple = 10, red = 40",tensor([[0.0410]]),<m> purple = 30 </m>
1880,twenty purple block 's thirty,"blue = 50, green = 30, purple = 20, red = 40",tensor([[0.0567]]),<m> purple = 30 </m>
1881,twenty purple block 's thirty,"blue = 50, green = 30, purple = 30, red = 40",tensor([[0.0595]]),<m> purple = 30 </m>
1882,twenty purple block 's thirty,"blue = 50, green = 30, purple = 40, red = 40",tensor([[0.0629]]),<m> purple = 30 </m>
1883,twenty purple block 's thirty,"blue = 50, green = 30, purple = 50, red = 40",tensor([[0.0619]]),<m> purple = 30 </m>
1884,twenty purple block 's thirty,"blue = 50, green = 40, purple = 20, red = 40",tensor([[0.0457]]),<m> purple = 30 </m>
1885,twenty purple block 's thirty,"blue = 50, green = 40, purple = 30, red = 40",tensor([[0.0611]]),<m> purple = 30 </m>
1886,twenty purple block 's thirty,"blue = 50, green = 50, purple = 20, red = 40",tensor([[0.0427]]),<m> purple = 30 </m>
1887,twenty purple block 's thirty,"blue = 50, green = 50, purple = 30, red = 40",tensor([[0.0395]]),<m> purple = 30 </m>
1888,twenty purple block 's thirty,"blue = 50, purple = 10, red = 40, yellow = 20",tensor([[0.0492]]),<m> purple = 30 </m>
1889,twenty purple block 's thirty,"blue = 50, purple = 10, red = 40, yellow = 30",tensor([[0.0492]]),<m> purple = 30 </m>
1890,twenty purple block 's thirty,"blue = 50, purple = 20, red = 40, yellow = 10",tensor([[0.0547]]),<m> purple = 30 </m>
1891,twenty purple block 's thirty,"blue = 50, purple = 20, red = 40, yellow = 20",tensor([[0.0490]]),<m> purple = 30 </m>
1892,twenty purple block 's thirty,"blue = 50, purple = 20, red = 40, yellow = 30",tensor([[0.0525]]),<m> purple = 30 </m>
1893,twenty purple block 's thirty,"blue = 50, purple = 20, red = 40, yellow = 40",tensor([[0.0500]]),<m> purple = 30 </m>
1894,twenty purple block 's thirty,"blue = 50, purple = 20, red = 40, yellow = 50",tensor([[0.0453]]),<m> purple = 30 </m>
1895,twenty purple block 's thirty,"blue = 50, purple = 30, red = 40, yellow = 10",tensor([[0.0693]]),<m> purple = 30 </m>
1896,twenty purple block 's thirty,"blue = 50, purple = 30, red = 40, yellow = 20",tensor([[0.0583]]),<m> purple = 30 </m>
1897,twenty purple block 's thirty,"blue = 50, purple = 30, red = 40, yellow = 30",tensor([[0.0562]]),<m> purple = 30 </m>
1898,twenty purple block 's thirty,"blue = 50, purple = 30, red = 40, yellow = 40",tensor([[0.0656]]),<m> purple = 30 </m>
1899,twenty purple block 's thirty,"blue = 50, purple = 30, red = 40, yellow = 50",tensor([[0.0635]]),<m> purple = 30 </m>
1900,twenty purple block 's thirty,"blue = 50, purple = 40, red = 40, yellow = 20",tensor([[0.0483]]),<m> purple = 30 </m>
1901,twenty purple block 's thirty,"blue = 50, purple = 40, red = 40, yellow = 30",tensor([[0.0542]]),<m> purple = 30 </m>
1902,twenty purple block 's thirty,"blue = 50, purple = 50, red = 40, yellow = 20",tensor([[0.0476]]),<m> purple = 30 </m>
1903,twenty purple block 's thirty,"blue = 50, purple = 50, red = 40, yellow = 30",tensor([[0.0489]]),<m> purple = 30 </m>
1904,twenty purple block 's thirty,"green = 10, purple = 10, red = 40, yellow = 20",tensor([[0.0515]]),<m> purple = 30 </m>
1905,twenty purple block 's thirty,"green = 10, purple = 10, red = 40, yellow = 30",tensor([[0.0464]]),<m> purple = 30 </m>
1906,twenty purple block 's thirty,"green = 10, purple = 20, red = 40, yellow = 10",tensor([[0.0626]]),<m> purple = 30 </m>
1907,twenty purple block 's thirty,"green = 10, purple = 20, red = 40, yellow = 20",tensor([[0.0506]]),<m> purple = 30 </m>
1908,twenty purple block 's thirty,"green = 10, purple = 20, red = 40, yellow = 30",tensor([[0.0599]]),<m> purple = 30 </m>
1909,twenty purple block 's thirty,"green = 10, purple = 20, red = 40, yellow = 40",tensor([[0.0599]]),<m> purple = 30 </m>
1910,twenty purple block 's thirty,"green = 10, purple = 20, red = 40, yellow = 50",tensor([[0.0546]]),<m> purple = 30 </m>
1911,twenty purple block 's thirty,"green = 10, purple = 30, red = 40, yellow = 10",tensor([[0.0650]]),<m> purple = 30 </m>
1912,twenty purple block 's thirty,"green = 10, purple = 30, red = 40, yellow = 20",tensor([[0.0648]]),<m> purple = 30 </m>
1913,twenty purple block 's thirty,"green = 10, purple = 30, red = 40, yellow = 30",tensor([[0.0495]]),<m> purple = 30 </m>
1914,twenty purple block 's thirty,"green = 10, purple = 30, red = 40, yellow = 40",tensor([[0.0618]]),<m> purple = 30 </m>
1915,twenty purple block 's thirty,"green = 10, purple = 30, red = 40, yellow = 50",tensor([[0.0663]]),<m> purple = 30 </m>
1916,twenty purple block 's thirty,"green = 10, purple = 40, red = 40, yellow = 20",tensor([[0.0456]]),<m> purple = 30 </m>
1917,twenty purple block 's thirty,"green = 10, purple = 40, red = 40, yellow = 30",tensor([[0.0614]]),<m> purple = 30 </m>
1918,twenty purple block 's thirty,"green = 10, purple = 50, red = 40, yellow = 20",tensor([[0.0524]]),<m> purple = 30 </m>
1919,twenty purple block 's thirty,"green = 10, purple = 50, red = 40, yellow = 30",tensor([[0.0511]]),<m> purple = 30 </m>
1920,twenty purple block 's thirty,"green = 20, purple = 10, red = 40, yellow = 10",tensor([[0.0552]]),<m> purple = 30 </m>
1921,twenty purple block 's thirty,"green = 20, purple = 10, red = 40, yellow = 20",tensor([[0.0545]]),<m> purple = 30 </m>
1922,twenty purple block 's thirty,"green = 20, purple = 10, red = 40, yellow = 30",tensor([[0.0520]]),<m> purple = 30 </m>
1923,twenty purple block 's thirty,"green = 20, purple = 10, red = 40, yellow = 40",tensor([[0.0487]]),<m> purple = 30 </m>
1924,twenty purple block 's thirty,"green = 20, purple = 10, red = 40, yellow = 50",tensor([[0.0492]]),<m> purple = 30 </m>
1925,twenty purple block 's thirty,"green = 20, purple = 20, red = 40, yellow = 10",tensor([[0.0523]]),<m> purple = 30 </m>
1926,twenty purple block 's thirty,"green = 20, purple = 20, red = 40, yellow = 20",tensor([[0.0515]]),<m> purple = 30 </m>
1927,twenty purple block 's thirty,"green = 20, purple = 20, red = 40, yellow = 30",tensor([[0.0572]]),<m> purple = 30 </m>
1928,twenty purple block 's thirty,"green = 20, purple = 20, red = 40, yellow = 40",tensor([[0.0608]]),<m> purple = 30 </m>
1929,twenty purple block 's thirty,"green = 20, purple = 20, red = 40, yellow = 50",tensor([[0.0450]]),<m> purple = 30 </m>
1930,twenty purple block 's thirty,"green = 20, purple = 30, red = 40, yellow = 10",tensor([[0.0673]]),<m> purple = 30 </m>
1931,twenty purple block 's thirty,"green = 20, purple = 30, red = 40, yellow = 20",tensor([[0.0623]]),<m> purple = 30 </m>
1932,twenty purple block 's thirty,"green = 20, purple = 30, red = 40, yellow = 30",tensor([[0.0603]]),<m> purple = 30 </m>
1933,twenty purple block 's thirty,"green = 20, purple = 30, red = 40, yellow = 40",tensor([[0.0637]]),<m> purple = 30 </m>
1934,twenty purple block 's thirty,"green = 20, purple = 30, red = 40, yellow = 50",tensor([[0.0636]]),<m> purple = 30 </m>
1935,twenty purple block 's thirty,"green = 20, purple = 40, red = 40, yellow = 10",tensor([[0.0634]]),<m> purple = 30 </m>
1936,twenty purple block 's thirty,"green = 20, purple = 40, red = 40, yellow = 20",tensor([[0.0586]]),<m> purple = 30 </m>
1937,twenty purple block 's thirty,"green = 20, purple = 40, red = 40, yellow = 30",tensor([[0.0614]]),<m> purple = 30 </m>
1938,twenty purple block 's thirty,"green = 20, purple = 40, red = 40, yellow = 40",tensor([[0.0591]]),<m> purple = 30 </m>
1939,twenty purple block 's thirty,"green = 20, purple = 40, red = 40, yellow = 50",tensor([[0.0578]]),<m> purple = 30 </m>
1940,twenty purple block 's thirty,"green = 20, purple = 50, red = 40, yellow = 10",tensor([[0.0512]]),<m> purple = 30 </m>
1941,twenty purple block 's thirty,"green = 20, purple = 50, red = 40, yellow = 20",tensor([[0.0512]]),<m> purple = 30 </m>
1942,twenty purple block 's thirty,"green = 20, purple = 50, red = 40, yellow = 30",tensor([[0.0539]]),<m> purple = 30 </m>
1943,twenty purple block 's thirty,"green = 20, purple = 50, red = 40, yellow = 40",tensor([[0.0478]]),<m> purple = 30 </m>
1944,twenty purple block 's thirty,"green = 20, purple = 50, red = 40, yellow = 50",tensor([[0.0456]]),<m> purple = 30 </m>
1945,twenty purple block 's thirty,"green = 30, purple = 10, red = 40, yellow = 10",tensor([[0.0471]]),<m> purple = 30 </m>
1946,twenty purple block 's thirty,"green = 30, purple = 10, red = 40, yellow = 20",tensor([[0.0479]]),<m> purple = 30 </m>
1947,twenty purple block 's thirty,"green = 30, purple = 10, red = 40, yellow = 30",tensor([[0.0488]]),<m> purple = 30 </m>
1948,twenty purple block 's thirty,"green = 30, purple = 10, red = 40, yellow = 40",tensor([[0.0468]]),<m> purple = 30 </m>
1949,twenty purple block 's thirty,"green = 30, purple = 10, red = 40, yellow = 50",tensor([[0.0461]]),<m> purple = 30 </m>
1950,twenty purple block 's thirty,"green = 30, purple = 20, red = 40, yellow = 10",tensor([[0.0654]]),<m> purple = 30 </m>
1951,twenty purple block 's thirty,"green = 30, purple = 20, red = 40, yellow = 20",tensor([[0.0484]]),<m> purple = 30 </m>
1952,twenty purple block 's thirty,"green = 30, purple = 20, red = 40, yellow = 30",tensor([[0.0517]]),<m> purple = 30 </m>
1953,twenty purple block 's thirty,"green = 30, purple = 20, red = 40, yellow = 40",tensor([[0.0632]]),<m> purple = 30 </m>
1954,twenty purple block 's thirty,"green = 30, purple = 20, red = 40, yellow = 50",tensor([[0.0532]]),<m> purple = 30 </m>
1955,twenty purple block 's thirty,"green = 30, purple = 30, red = 40, yellow = 10",tensor([[0.0661]]),<m> purple = 30 </m>
1956,twenty purple block 's thirty,"green = 30, purple = 30, red = 40, yellow = 20",tensor([[0.0566]]),<m> purple = 30 </m>
1957,twenty purple block 's thirty,"green = 30, purple = 30, red = 40, yellow = 30",tensor([[0.0587]]),<m> purple = 30 </m>
1958,twenty purple block 's thirty,"green = 30, purple = 30, red = 40, yellow = 40",tensor([[0.0631]]),<m> purple = 30 </m>
1959,twenty purple block 's thirty,"green = 30, purple = 30, red = 40, yellow = 50",tensor([[0.0549]]),<m> purple = 30 </m>
1960,twenty purple block 's thirty,"green = 30, purple = 40, red = 40, yellow = 10",tensor([[0.0548]]),<m> purple = 30 </m>
1961,twenty purple block 's thirty,"green = 30, purple = 40, red = 40, yellow = 20",tensor([[0.0568]]),<m> purple = 30 </m>
1962,twenty purple block 's thirty,"green = 30, purple = 40, red = 40, yellow = 30",tensor([[0.0573]]),<m> purple = 30 </m>
1963,twenty purple block 's thirty,"green = 30, purple = 40, red = 40, yellow = 40",tensor([[0.0483]]),<m> purple = 30 </m>
1964,twenty purple block 's thirty,"green = 30, purple = 40, red = 40, yellow = 50",tensor([[0.0545]]),<m> purple = 30 </m>
1965,twenty purple block 's thirty,"green = 30, purple = 50, red = 40, yellow = 10",tensor([[0.0605]]),<m> purple = 30 </m>
1966,twenty purple block 's thirty,"green = 30, purple = 50, red = 40, yellow = 20",tensor([[0.0553]]),<m> purple = 30 </m>
1967,twenty purple block 's thirty,"green = 30, purple = 50, red = 40, yellow = 30",tensor([[0.0575]]),<m> purple = 30 </m>
1968,twenty purple block 's thirty,"green = 30, purple = 50, red = 40, yellow = 40",tensor([[0.0553]]),<m> purple = 30 </m>
1969,twenty purple block 's thirty,"green = 30, purple = 50, red = 40, yellow = 50",tensor([[0.0547]]),<m> purple = 30 </m>
1970,twenty purple block 's thirty,"green = 40, purple = 10, red = 40, yellow = 20",tensor([[0.0467]]),<m> purple = 30 </m>
1971,twenty purple block 's thirty,"green = 40, purple = 10, red = 40, yellow = 30",tensor([[0.0478]]),<m> purple = 30 </m>
1972,twenty purple block 's thirty,"green = 40, purple = 20, red = 40, yellow = 10",tensor([[0.0579]]),<m> purple = 30 </m>
1973,twenty purple block 's thirty,"green = 40, purple = 20, red = 40, yellow = 20",tensor([[0.0473]]),<m> purple = 30 </m>
1974,twenty purple block 's thirty,"green = 40, purple = 20, red = 40, yellow = 30",tensor([[0.0456]]),<m> purple = 30 </m>
1975,twenty purple block 's thirty,"green = 40, purple = 20, red = 40, yellow = 40",tensor([[0.0590]]),<m> purple = 30 </m>
1976,twenty purple block 's thirty,"green = 40, purple = 20, red = 40, yellow = 50",tensor([[0.0525]]),<m> purple = 30 </m>
1977,twenty purple block 's thirty,"green = 40, purple = 30, red = 40, yellow = 10",tensor([[0.0658]]),<m> purple = 30 </m>
1978,twenty purple block 's thirty,"green = 40, purple = 30, red = 40, yellow = 20",tensor([[0.0555]]),<m> purple = 30 </m>
1979,twenty purple block 's thirty,"green = 40, purple = 30, red = 40, yellow = 30",tensor([[0.0546]]),<m> purple = 30 </m>
1980,twenty purple block 's thirty,"green = 40, purple = 30, red = 40, yellow = 40",tensor([[0.0678]]),<m> purple = 30 </m>
1981,twenty purple block 's thirty,"green = 40, purple = 30, red = 40, yellow = 50",tensor([[0.0636]]),<m> purple = 30 </m>
1982,twenty purple block 's thirty,"green = 40, purple = 40, red = 40, yellow = 20",tensor([[0.0506]]),<m> purple = 30 </m>
1983,twenty purple block 's thirty,"green = 40, purple = 40, red = 40, yellow = 30",tensor([[0.0527]]),<m> purple = 30 </m>
1984,twenty purple block 's thirty,"green = 40, purple = 50, red = 40, yellow = 20",tensor([[0.0471]]),<m> purple = 30 </m>
1985,twenty purple block 's thirty,"green = 40, purple = 50, red = 40, yellow = 30",tensor([[0.0546]]),<m> purple = 30 </m>
1986,twenty purple block 's thirty,"green = 50, purple = 10, red = 40, yellow = 20",tensor([[0.0516]]),<m> purple = 30 </m>
1987,twenty purple block 's thirty,"green = 50, purple = 10, red = 40, yellow = 30",tensor([[0.0502]]),<m> purple = 30 </m>
1988,twenty purple block 's thirty,"green = 50, purple = 20, red = 40, yellow = 10",tensor([[0.0540]]),<m> purple = 30 </m>
1989,twenty purple block 's thirty,"green = 50, purple = 20, red = 40, yellow = 20",tensor([[0.0488]]),<m> purple = 30 </m>
1990,twenty purple block 's thirty,"green = 50, purple = 20, red = 40, yellow = 30",tensor([[0.0483]]),<m> purple = 30 </m>
1991,twenty purple block 's thirty,"green = 50, purple = 20, red = 40, yellow = 40",tensor([[0.0580]]),<m> purple = 30 </m>
1992,twenty purple block 's thirty,"green = 50, purple = 20, red = 40, yellow = 50",tensor([[0.0451]]),<m> purple = 30 </m>
1993,twenty purple block 's thirty,"green = 50, purple = 30, red = 40, yellow = 10",tensor([[0.0664]]),<m> purple = 30 </m>
1994,twenty purple block 's thirty,"green = 50, purple = 30, red = 40, yellow = 20",tensor([[0.0612]]),<m> purple = 30 </m>
1995,twenty purple block 's thirty,"green = 50, purple = 30, red = 40, yellow = 30",tensor([[0.0570]]),<m> purple = 30 </m>
1996,twenty purple block 's thirty,"green = 50, purple = 30, red = 40, yellow = 40",tensor([[0.0649]]),<m> purple = 30 </m>
1997,twenty purple block 's thirty,"green = 50, purple = 30, red = 40, yellow = 50",tensor([[0.0622]]),<m> purple = 30 </m>
1998,twenty purple block 's thirty,"green = 50, purple = 40, red = 40, yellow = 20",tensor([[0.0537]]),<m> purple = 30 </m>
1999,twenty purple block 's thirty,"green = 50, purple = 40, red = 40, yellow = 30",tensor([[0.0553]]),<m> purple = 30 </m>
2000,twenty purple block 's thirty,"green = 50, purple = 50, red = 40, yellow = 20",tensor([[0.0474]]),<m> purple = 30 </m>
2001,twenty purple block 's thirty,"green = 50, purple = 50, red = 40, yellow = 30",tensor([[0.0499]]),<m> purple = 30 </m>
2002,twenty purple block 's thirty,"blue = 10, green = 10, purple = 20, red = 50",tensor([[0.0553]]),<m> purple = 30 </m>
2003,twenty purple block 's thirty,"blue = 10, green = 10, purple = 30, red = 50",tensor([[0.0485]]),<m> purple = 30 </m>
2004,twenty purple block 's thirty,"blue = 10, green = 20, purple = 10, red = 50",tensor([[0.0539]]),<m> purple = 30 </m>
2005,twenty purple block 's thirty,"blue = 10, green = 20, purple = 20, red = 50",tensor([[0.0469]]),<m> purple = 30 </m>
2006,twenty purple block 's thirty,"blue = 10, green = 20, purple = 30, red = 50",tensor([[0.0624]]),<m> purple = 30 </m>
2007,twenty purple block 's thirty,"blue = 10, green = 20, purple = 40, red = 50",tensor([[0.0534]]),<m> purple = 30 </m>
2008,twenty purple block 's thirty,"blue = 10, green = 20, purple = 50, red = 50",tensor([[0.0451]]),<m> purple = 30 </m>
2009,twenty purple block 's thirty,"blue = 10, green = 30, purple = 10, red = 50",tensor([[0.0476]]),<m> purple = 30 </m>
2010,twenty purple block 's thirty,"blue = 10, green = 30, purple = 20, red = 50",tensor([[0.0467]]),<m> purple = 30 </m>
2011,twenty purple block 's thirty,"blue = 10, green = 30, purple = 30, red = 50",tensor([[0.0496]]),<m> purple = 30 </m>
2012,twenty purple block 's thirty,"blue = 10, green = 30, purple = 40, red = 50",tensor([[0.0651]]),<m> purple = 30 </m>
2013,twenty purple block 's thirty,"blue = 10, green = 30, purple = 50, red = 50",tensor([[0.0567]]),<m> purple = 30 </m>
2014,twenty purple block 's thirty,"blue = 10, green = 40, purple = 20, red = 50",tensor([[0.0503]]),<m> purple = 30 </m>
2015,twenty purple block 's thirty,"blue = 10, green = 40, purple = 30, red = 50",tensor([[0.0555]]),<m> purple = 30 </m>
2016,twenty purple block 's thirty,"blue = 10, green = 50, purple = 20, red = 50",tensor([[0.0473]]),<m> purple = 30 </m>
2017,twenty purple block 's thirty,"blue = 10, green = 50, purple = 30, red = 50",tensor([[0.0597]]),<m> purple = 30 </m>
2018,twenty purple block 's thirty,"blue = 10, purple = 10, red = 50, yellow = 20",tensor([[0.0554]]),<m> purple = 30 </m>
2019,twenty purple block 's thirty,"blue = 10, purple = 10, red = 50, yellow = 30",tensor([[0.0531]]),<m> purple = 30 </m>
2020,twenty purple block 's thirty,"blue = 10, purple = 20, red = 50, yellow = 10",tensor([[0.0517]]),<m> purple = 30 </m>
2021,twenty purple block 's thirty,"blue = 10, purple = 20, red = 50, yellow = 20",tensor([[0.0520]]),<m> purple = 30 </m>
2022,twenty purple block 's thirty,"blue = 10, purple = 20, red = 50, yellow = 30",tensor([[0.0537]]),<m> purple = 30 </m>
2023,twenty purple block 's thirty,"blue = 10, purple = 20, red = 50, yellow = 40",tensor([[0.0470]]),<m> purple = 30 </m>
2024,twenty purple block 's thirty,"blue = 10, purple = 20, red = 50, yellow = 50",tensor([[0.0496]]),<m> purple = 30 </m>
2025,twenty purple block 's thirty,"blue = 10, purple = 30, red = 50, yellow = 10",tensor([[0.0645]]),<m> purple = 30 </m>
2026,twenty purple block 's thirty,"blue = 10, purple = 30, red = 50, yellow = 20",tensor([[0.0572]]),<m> purple = 30 </m>
2027,twenty purple block 's thirty,"blue = 10, purple = 30, red = 50, yellow = 30",tensor([[0.0536]]),<m> purple = 30 </m>
2028,twenty purple block 's thirty,"blue = 10, purple = 30, red = 50, yellow = 40",tensor([[0.0636]]),<m> purple = 30 </m>
2029,twenty purple block 's thirty,"blue = 10, purple = 30, red = 50, yellow = 50",tensor([[0.0588]]),<m> purple = 30 </m>
2030,twenty purple block 's thirty,"blue = 10, purple = 40, red = 50, yellow = 20",tensor([[0.0418]]),<m> purple = 30 </m>
2031,twenty purple block 's thirty,"blue = 10, purple = 40, red = 50, yellow = 30",tensor([[0.0438]]),<m> purple = 30 </m>
2032,twenty purple block 's thirty,"blue = 10, purple = 50, red = 50, yellow = 20",tensor([[0.0546]]),<m> purple = 30 </m>
2033,twenty purple block 's thirty,"blue = 10, purple = 50, red = 50, yellow = 30",tensor([[0.0584]]),<m> purple = 30 </m>
2034,twenty purple block 's thirty,"blue = 20, green = 10, purple = 10, red = 50",tensor([[0.0521]]),<m> purple = 30 </m>
2035,twenty purple block 's thirty,"blue = 20, green = 10, purple = 20, red = 50",tensor([[0.0538]]),<m> purple = 30 </m>
2036,twenty purple block 's thirty,"blue = 20, green = 10, purple = 30, red = 50",tensor([[0.0454]]),<m> purple = 30 </m>
2037,twenty purple block 's thirty,"blue = 20, green = 10, purple = 40, red = 50",tensor([[0.0523]]),<m> purple = 30 </m>
2038,twenty purple block 's thirty,"blue = 20, green = 10, purple = 50, red = 50",tensor([[0.0479]]),<m> purple = 30 </m>
2039,twenty purple block 's thirty,"blue = 20, green = 20, purple = 10, red = 50",tensor([[0.0503]]),<m> purple = 30 </m>
2040,twenty purple block 's thirty,"blue = 20, green = 20, purple = 20, red = 50",tensor([[0.0456]]),<m> purple = 30 </m>
2041,twenty purple block 's thirty,"blue = 20, green = 20, purple = 30, red = 50",tensor([[0.0588]]),<m> purple = 30 </m>
2042,twenty purple block 's thirty,"blue = 20, green = 20, purple = 40, red = 50",tensor([[0.0414]]),<m> purple = 30 </m>
2043,twenty purple block 's thirty,"blue = 20, green = 20, purple = 50, red = 50",tensor([[0.0527]]),<m> purple = 30 </m>
2044,twenty purple block 's thirty,"blue = 20, green = 30, purple = 10, red = 50",tensor([[0.0535]]),<m> purple = 30 </m>
2045,twenty purple block 's thirty,"blue = 20, green = 30, purple = 20, red = 50",tensor([[0.0503]]),<m> purple = 30 </m>
2046,twenty purple block 's thirty,"blue = 20, green = 30, purple = 30, red = 50",tensor([[0.0638]]),<m> purple = 30 </m>
2047,twenty purple block 's thirty,"blue = 20, green = 30, purple = 40, red = 50",tensor([[0.0632]]),<m> purple = 30 </m>
2048,twenty purple block 's thirty,"blue = 20, green = 30, purple = 50, red = 50",tensor([[0.0541]]),<m> purple = 30 </m>
2049,twenty purple block 's thirty,"blue = 20, green = 40, purple = 10, red = 50",tensor([[0.0500]]),<m> purple = 30 </m>
2050,twenty purple block 's thirty,"blue = 20, green = 40, purple = 20, red = 50",tensor([[0.0475]]),<m> purple = 30 </m>
2051,twenty purple block 's thirty,"blue = 20, green = 40, purple = 30, red = 50",tensor([[0.0617]]),<m> purple = 30 </m>
2052,twenty purple block 's thirty,"blue = 20, green = 40, purple = 40, red = 50",tensor([[0.0484]]),<m> purple = 30 </m>
2053,twenty purple block 's thirty,"blue = 20, green = 40, purple = 50, red = 50",tensor([[0.0456]]),<m> purple = 30 </m>
2054,twenty purple block 's thirty,"blue = 20, green = 50, purple = 10, red = 50",tensor([[0.0568]]),<m> purple = 30 </m>
2055,twenty purple block 's thirty,"blue = 20, green = 50, purple = 20, red = 50",tensor([[0.0529]]),<m> purple = 30 </m>
2056,twenty purple block 's thirty,"blue = 20, green = 50, purple = 30, red = 50",tensor([[0.0599]]),<m> purple = 30 </m>
2057,twenty purple block 's thirty,"blue = 20, green = 50, purple = 40, red = 50",tensor([[0.0478]]),<m> purple = 30 </m>
2058,twenty purple block 's thirty,"blue = 20, green = 50, purple = 50, red = 50",tensor([[0.0522]]),<m> purple = 30 </m>
2059,twenty purple block 's thirty,"blue = 20, purple = 10, red = 50, yellow = 10",tensor([[0.0435]]),<m> purple = 30 </m>
2060,twenty purple block 's thirty,"blue = 20, purple = 10, red = 50, yellow = 20",tensor([[0.0525]]),<m> purple = 30 </m>
2061,twenty purple block 's thirty,"blue = 20, purple = 10, red = 50, yellow = 30",tensor([[0.0475]]),<m> purple = 30 </m>
2062,twenty purple block 's thirty,"blue = 20, purple = 10, red = 50, yellow = 40",tensor([[0.0544]]),<m> purple = 30 </m>
2063,twenty purple block 's thirty,"blue = 20, purple = 10, red = 50, yellow = 50",tensor([[0.0507]]),<m> purple = 30 </m>
2064,twenty purple block 's thirty,"blue = 20, purple = 20, red = 50, yellow = 10",tensor([[0.0559]]),<m> purple = 30 </m>
2065,twenty purple block 's thirty,"blue = 20, purple = 20, red = 50, yellow = 20",tensor([[0.0488]]),<m> purple = 30 </m>
2066,twenty purple block 's thirty,"blue = 20, purple = 20, red = 50, yellow = 30",tensor([[0.0524]]),<m> purple = 30 </m>
2067,twenty purple block 's thirty,"blue = 20, purple = 20, red = 50, yellow = 40",tensor([[0.0444]]),<m> purple = 30 </m>
2068,twenty purple block 's thirty,"blue = 20, purple = 20, red = 50, yellow = 50",tensor([[0.0498]]),<m> purple = 30 </m>
2069,twenty purple block 's thirty,"blue = 20, purple = 30, red = 50, yellow = 10",tensor([[0.0661]]),<m> purple = 30 </m>
2070,twenty purple block 's thirty,"blue = 20, purple = 30, red = 50, yellow = 20",tensor([[0.0547]]),<m> purple = 30 </m>
2071,twenty purple block 's thirty,"blue = 20, purple = 30, red = 50, yellow = 30",tensor([[0.0596]]),<m> purple = 30 </m>
2072,twenty purple block 's thirty,"blue = 20, purple = 30, red = 50, yellow = 40",tensor([[0.0622]]),<m> purple = 30 </m>
2073,twenty purple block 's thirty,"blue = 20, purple = 30, red = 50, yellow = 50",tensor([[0.0629]]),<m> purple = 30 </m>
2074,twenty purple block 's thirty,"blue = 20, purple = 40, red = 50, yellow = 10",tensor([[0.0576]]),<m> purple = 30 </m>
2075,twenty purple block 's thirty,"blue = 20, purple = 40, red = 50, yellow = 20",tensor([[0.0468]]),<m> purple = 30 </m>
2076,twenty purple block 's thirty,"blue = 20, purple = 40, red = 50, yellow = 30",tensor([[0.0589]]),<m> purple = 30 </m>
2077,twenty purple block 's thirty,"blue = 20, purple = 40, red = 50, yellow = 40",tensor([[0.0567]]),<m> purple = 30 </m>
2078,twenty purple block 's thirty,"blue = 20, purple = 40, red = 50, yellow = 50",tensor([[0.0533]]),<m> purple = 30 </m>
2079,twenty purple block 's thirty,"blue = 20, purple = 50, red = 50, yellow = 10",tensor([[0.0565]]),<m> purple = 30 </m>
2080,twenty purple block 's thirty,"blue = 20, purple = 50, red = 50, yellow = 20",tensor([[0.0471]]),<m> purple = 30 </m>
2081,twenty purple block 's thirty,"blue = 20, purple = 50, red = 50, yellow = 30",tensor([[0.0520]]),<m> purple = 30 </m>
2082,twenty purple block 's thirty,"blue = 20, purple = 50, red = 50, yellow = 40",tensor([[0.0442]]),<m> purple = 30 </m>
2083,twenty purple block 's thirty,"blue = 20, purple = 50, red = 50, yellow = 50",tensor([[0.0508]]),<m> purple = 30 </m>
2084,twenty purple block 's thirty,"blue = 30, green = 10, purple = 10, red = 50",tensor([[0.0445]]),<m> purple = 30 </m>
2085,twenty purple block 's thirty,"blue = 30, green = 10, purple = 20, red = 50",tensor([[0.0477]]),<m> purple = 30 </m>
2086,twenty purple block 's thirty,"blue = 30, green = 10, purple = 30, red = 50",tensor([[0.0474]]),<m> purple = 30 </m>
2087,twenty purple block 's thirty,"blue = 30, green = 10, purple = 40, red = 50",tensor([[0.0472]]),<m> purple = 30 </m>
2088,twenty purple block 's thirty,"blue = 30, green = 10, purple = 50, red = 50",tensor([[0.0477]]),<m> purple = 30 </m>
2089,twenty purple block 's thirty,"blue = 30, green = 20, purple = 10, red = 50",tensor([[0.0425]]),<m> purple = 30 </m>
2090,twenty purple block 's thirty,"blue = 30, green = 20, purple = 20, red = 50",tensor([[0.0474]]),<m> purple = 30 </m>
2091,twenty purple block 's thirty,"blue = 30, green = 20, purple = 30, red = 50",tensor([[0.0633]]),<m> purple = 30 </m>
2092,twenty purple block 's thirty,"blue = 30, green = 20, purple = 40, red = 50",tensor([[0.0468]]),<m> purple = 30 </m>
2093,twenty purple block 's thirty,"blue = 30, green = 20, purple = 50, red = 50",tensor([[0.0493]]),<m> purple = 30 </m>
2094,twenty purple block 's thirty,"blue = 30, green = 30, purple = 10, red = 50",tensor([[0.0552]]),<m> purple = 30 </m>
2095,twenty purple block 's thirty,"blue = 30, green = 30, purple = 20, red = 50",tensor([[0.0549]]),<m> purple = 30 </m>
2096,twenty purple block 's thirty,"blue = 30, green = 30, purple = 30, red = 50",tensor([[0.0619]]),<m> purple = 30 </m>
2097,twenty purple block 's thirty,"blue = 30, green = 30, purple = 40, red = 50",tensor([[0.0525]]),<m> purple = 30 </m>
2098,twenty purple block 's thirty,"blue = 30, green = 30, purple = 50, red = 50",tensor([[0.0589]]),<m> purple = 30 </m>
2099,twenty purple block 's thirty,"blue = 30, green = 40, purple = 10, red = 50",tensor([[0.0454]]),<m> purple = 30 </m>
2100,twenty purple block 's thirty,"blue = 30, green = 40, purple = 20, red = 50",tensor([[0.0530]]),<m> purple = 30 </m>
2101,twenty purple block 's thirty,"blue = 30, green = 40, purple = 30, red = 50",tensor([[0.0584]]),<m> purple = 30 </m>
2102,twenty purple block 's thirty,"blue = 30, green = 40, purple = 40, red = 50",tensor([[0.0569]]),<m> purple = 30 </m>
2103,twenty purple block 's thirty,"blue = 30, green = 40, purple = 50, red = 50",tensor([[0.0530]]),<m> purple = 30 </m>
2104,twenty purple block 's thirty,"blue = 30, green = 50, purple = 10, red = 50",tensor([[0.0508]]),<m> purple = 30 </m>
2105,twenty purple block 's thirty,"blue = 30, green = 50, purple = 20, red = 50",tensor([[0.0507]]),<m> purple = 30 </m>
2106,twenty purple block 's thirty,"blue = 30, green = 50, purple = 30, red = 50",tensor([[0.0536]]),<m> purple = 30 </m>
2107,twenty purple block 's thirty,"blue = 30, green = 50, purple = 40, red = 50",tensor([[0.0571]]),<m> purple = 30 </m>
2108,twenty purple block 's thirty,"blue = 30, green = 50, purple = 50, red = 50",tensor([[0.0584]]),<m> purple = 30 </m>
2109,twenty purple block 's thirty,"blue = 30, purple = 10, red = 50, yellow = 10",tensor([[0.0536]]),<m> purple = 30 </m>
2110,twenty purple block 's thirty,"blue = 30, purple = 10, red = 50, yellow = 20",tensor([[0.0512]]),<m> purple = 30 </m>
2111,twenty purple block 's thirty,"blue = 30, purple = 10, red = 50, yellow = 30",tensor([[0.0530]]),<m> purple = 30 </m>
2112,twenty purple block 's thirty,"blue = 30, purple = 10, red = 50, yellow = 40",tensor([[0.0502]]),<m> purple = 30 </m>
2113,twenty purple block 's thirty,"blue = 30, purple = 10, red = 50, yellow = 50",tensor([[0.0455]]),<m> purple = 30 </m>
2114,twenty purple block 's thirty,"blue = 30, purple = 20, red = 50, yellow = 10",tensor([[0.0497]]),<m> purple = 30 </m>
2115,twenty purple block 's thirty,"blue = 30, purple = 20, red = 50, yellow = 20",tensor([[0.0557]]),<m> purple = 30 </m>
2116,twenty purple block 's thirty,"blue = 30, purple = 20, red = 50, yellow = 30",tensor([[0.0438]]),<m> purple = 30 </m>
2117,twenty purple block 's thirty,"blue = 30, purple = 20, red = 50, yellow = 40",tensor([[0.0475]]),<m> purple = 30 </m>
2118,twenty purple block 's thirty,"blue = 30, purple = 20, red = 50, yellow = 50",tensor([[0.0445]]),<m> purple = 30 </m>
2119,twenty purple block 's thirty,"blue = 30, purple = 30, red = 50, yellow = 10",tensor([[0.0576]]),<m> purple = 30 </m>
2120,twenty purple block 's thirty,"blue = 30, purple = 30, red = 50, yellow = 20",tensor([[0.0561]]),<m> purple = 30 </m>
2121,twenty purple block 's thirty,"blue = 30, purple = 30, red = 50, yellow = 30",tensor([[0.0502]]),<m> purple = 30 </m>
2122,twenty purple block 's thirty,"blue = 30, purple = 30, red = 50, yellow = 40",tensor([[0.0523]]),<m> purple = 30 </m>
2123,twenty purple block 's thirty,"blue = 30, purple = 30, red = 50, yellow = 50",tensor([[0.0515]]),<m> purple = 30 </m>
2124,twenty purple block 's thirty,"blue = 30, purple = 40, red = 50, yellow = 10",tensor([[0.0573]]),<m> purple = 30 </m>
2125,twenty purple block 's thirty,"blue = 30, purple = 40, red = 50, yellow = 20",tensor([[0.0584]]),<m> purple = 30 </m>
2126,twenty purple block 's thirty,"blue = 30, purple = 40, red = 50, yellow = 30",tensor([[0.0532]]),<m> purple = 30 </m>
2127,twenty purple block 's thirty,"blue = 30, purple = 40, red = 50, yellow = 40",tensor([[0.0551]]),<m> purple = 30 </m>
2128,twenty purple block 's thirty,"blue = 30, purple = 40, red = 50, yellow = 50",tensor([[0.0527]]),<m> purple = 30 </m>
2129,twenty purple block 's thirty,"blue = 30, purple = 50, red = 50, yellow = 10",tensor([[0.0598]]),<m> purple = 30 </m>
2130,twenty purple block 's thirty,"blue = 30, purple = 50, red = 50, yellow = 20",tensor([[0.0596]]),<m> purple = 30 </m>
2131,twenty purple block 's thirty,"blue = 30, purple = 50, red = 50, yellow = 30",tensor([[0.0484]]),<m> purple = 30 </m>
2132,twenty purple block 's thirty,"blue = 30, purple = 50, red = 50, yellow = 40",tensor([[0.0540]]),<m> purple = 30 </m>
2133,twenty purple block 's thirty,"blue = 30, purple = 50, red = 50, yellow = 50",tensor([[0.0616]]),<m> purple = 30 </m>
2134,twenty purple block 's thirty,"blue = 40, green = 10, purple = 20, red = 50",tensor([[0.0430]]),<m> purple = 30 </m>
2135,twenty purple block 's thirty,"blue = 40, green = 10, purple = 30, red = 50",tensor([[0.0511]]),<m> purple = 30 </m>
2136,twenty purple block 's thirty,"blue = 40, green = 20, purple = 10, red = 50",tensor([[0.0463]]),<m> purple = 30 </m>
2137,twenty purple block 's thirty,"blue = 40, green = 20, purple = 20, red = 50",tensor([[0.0439]]),<m> purple = 30 </m>
2138,twenty purple block 's thirty,"blue = 40, green = 20, purple = 30, red = 50",tensor([[0.0569]]),<m> purple = 30 </m>
2139,twenty purple block 's thirty,"blue = 40, green = 20, purple = 40, red = 50",tensor([[0.0451]]),<m> purple = 30 </m>
2140,twenty purple block 's thirty,"blue = 40, green = 20, purple = 50, red = 50",tensor([[0.0505]]),<m> purple = 30 </m>
2141,twenty purple block 's thirty,"blue = 40, green = 30, purple = 10, red = 50",tensor([[0.0517]]),<m> purple = 30 </m>
2142,twenty purple block 's thirty,"blue = 40, green = 30, purple = 20, red = 50",tensor([[0.0526]]),<m> purple = 30 </m>
2143,twenty purple block 's thirty,"blue = 40, green = 30, purple = 30, red = 50",tensor([[0.0546]]),<m> purple = 30 </m>
2144,twenty purple block 's thirty,"blue = 40, green = 30, purple = 40, red = 50",tensor([[0.0642]]),<m> purple = 30 </m>
2145,twenty purple block 's thirty,"blue = 40, green = 30, purple = 50, red = 50",tensor([[0.0542]]),<m> purple = 30 </m>
2146,twenty purple block 's thirty,"blue = 40, green = 40, purple = 20, red = 50",tensor([[0.0536]]),<m> purple = 30 </m>
2147,twenty purple block 's thirty,"blue = 40, green = 40, purple = 30, red = 50",tensor([[0.0476]]),<m> purple = 30 </m>
2148,twenty purple block 's thirty,"blue = 40, green = 50, purple = 20, red = 50",tensor([[0.0422]]),<m> purple = 30 </m>
2149,twenty purple block 's thirty,"blue = 40, green = 50, purple = 30, red = 50",tensor([[0.0601]]),<m> purple = 30 </m>
2150,twenty purple block 's thirty,"blue = 40, purple = 10, red = 50, yellow = 20",tensor([[0.0525]]),<m> purple = 30 </m>
2151,twenty purple block 's thirty,"blue = 40, purple = 10, red = 50, yellow = 30",tensor([[0.0492]]),<m> purple = 30 </m>
2152,twenty purple block 's thirty,"blue = 40, purple = 20, red = 50, yellow = 10",tensor([[0.0560]]),<m> purple = 30 </m>
2153,twenty purple block 's thirty,"blue = 40, purple = 20, red = 50, yellow = 20",tensor([[0.0512]]),<m> purple = 30 </m>
2154,twenty purple block 's thirty,"blue = 40, purple = 20, red = 50, yellow = 30",tensor([[0.0473]]),<m> purple = 30 </m>
2155,twenty purple block 's thirty,"blue = 40, purple = 20, red = 50, yellow = 40",tensor([[0.0549]]),<m> purple = 30 </m>
2156,twenty purple block 's thirty,"blue = 40, purple = 20, red = 50, yellow = 50",tensor([[0.0484]]),<m> purple = 30 </m>
2157,twenty purple block 's thirty,"blue = 40, purple = 30, red = 50, yellow = 10",tensor([[0.0661]]),<m> purple = 30 </m>
2158,twenty purple block 's thirty,"blue = 40, purple = 30, red = 50, yellow = 20",tensor([[0.0579]]),<m> purple = 30 </m>
2159,twenty purple block 's thirty,"blue = 40, purple = 30, red = 50, yellow = 30",tensor([[0.0572]]),<m> purple = 30 </m>
2160,twenty purple block 's thirty,"blue = 40, purple = 30, red = 50, yellow = 40",tensor([[0.0649]]),<m> purple = 30 </m>
2161,twenty purple block 's thirty,"blue = 40, purple = 30, red = 50, yellow = 50",tensor([[0.0547]]),<m> purple = 30 </m>
2162,twenty purple block 's thirty,"blue = 40, purple = 40, red = 50, yellow = 20",tensor([[0.0548]]),<m> purple = 30 </m>
2163,twenty purple block 's thirty,"blue = 40, purple = 40, red = 50, yellow = 30",tensor([[0.0590]]),<m> purple = 30 </m>
2164,twenty purple block 's thirty,"blue = 40, purple = 50, red = 50, yellow = 20",tensor([[0.0427]]),<m> purple = 30 </m>
2165,twenty purple block 's thirty,"blue = 40, purple = 50, red = 50, yellow = 30",tensor([[0.0593]]),<m> purple = 30 </m>
2166,twenty purple block 's thirty,"blue = 50, green = 10, purple = 20, red = 50",tensor([[0.0389]]),<m> purple = 30 </m>
2167,twenty purple block 's thirty,"blue = 50, green = 10, purple = 30, red = 50",tensor([[0.0462]]),<m> purple = 30 </m>
2168,twenty purple block 's thirty,"blue = 50, green = 20, purple = 10, red = 50",tensor([[0.0459]]),<m> purple = 30 </m>
2169,twenty purple block 's thirty,"blue = 50, green = 20, purple = 20, red = 50",tensor([[0.0457]]),<m> purple = 30 </m>
2170,twenty purple block 's thirty,"blue = 50, green = 20, purple = 30, red = 50",tensor([[0.0577]]),<m> purple = 30 </m>
2171,twenty purple block 's thirty,"blue = 50, green = 20, purple = 40, red = 50",tensor([[0.0427]]),<m> purple = 30 </m>
2172,twenty purple block 's thirty,"blue = 50, green = 20, purple = 50, red = 50",tensor([[0.0457]]),<m> purple = 30 </m>
2173,twenty purple block 's thirty,"blue = 50, green = 30, purple = 10, red = 50",tensor([[0.0476]]),<m> purple = 30 </m>
2174,twenty purple block 's thirty,"blue = 50, green = 30, purple = 20, red = 50",tensor([[0.0475]]),<m> purple = 30 </m>
2175,twenty purple block 's thirty,"blue = 50, green = 30, purple = 30, red = 50",tensor([[0.0543]]),<m> purple = 30 </m>
2176,twenty purple block 's thirty,"blue = 50, green = 30, purple = 40, red = 50",tensor([[0.0616]]),<m> purple = 30 </m>
2177,twenty purple block 's thirty,"blue = 50, green = 30, purple = 50, red = 50",tensor([[0.0518]]),<m> purple = 30 </m>
2178,twenty purple block 's thirty,"blue = 50, green = 40, purple = 20, red = 50",tensor([[0.0515]]),<m> purple = 30 </m>
2179,twenty purple block 's thirty,"blue = 50, green = 40, purple = 30, red = 50",tensor([[0.0524]]),<m> purple = 30 </m>
2180,twenty purple block 's thirty,"blue = 50, green = 50, purple = 20, red = 50",tensor([[0.0424]]),<m> purple = 30 </m>
2181,twenty purple block 's thirty,"blue = 50, green = 50, purple = 30, red = 50",tensor([[0.0479]]),<m> purple = 30 </m>
2182,twenty purple block 's thirty,"blue = 50, purple = 10, red = 50, yellow = 20",tensor([[0.0542]]),<m> purple = 30 </m>
2183,twenty purple block 's thirty,"blue = 50, purple = 10, red = 50, yellow = 30",tensor([[0.0545]]),<m> purple = 30 </m>
2184,twenty purple block 's thirty,"blue = 50, purple = 20, red = 50, yellow = 10",tensor([[0.0454]]),<m> purple = 30 </m>
2185,twenty purple block 's thirty,"blue = 50, purple = 20, red = 50, yellow = 20",tensor([[0.0496]]),<m> purple = 30 </m>
2186,twenty purple block 's thirty,"blue = 50, purple = 20, red = 50, yellow = 30",tensor([[0.0512]]),<m> purple = 30 </m>
2187,twenty purple block 's thirty,"blue = 50, purple = 20, red = 50, yellow = 40",tensor([[0.0491]]),<m> purple = 30 </m>
2188,twenty purple block 's thirty,"blue = 50, purple = 20, red = 50, yellow = 50",tensor([[0.0492]]),<m> purple = 30 </m>
2189,twenty purple block 's thirty,"blue = 50, purple = 30, red = 50, yellow = 10",tensor([[0.0621]]),<m> purple = 30 </m>
2190,twenty purple block 's thirty,"blue = 50, purple = 30, red = 50, yellow = 20",tensor([[0.0461]]),<m> purple = 30 </m>
2191,twenty purple block 's thirty,"blue = 50, purple = 30, red = 50, yellow = 30",tensor([[0.0555]]),<m> purple = 30 </m>
2192,twenty purple block 's thirty,"blue = 50, purple = 30, red = 50, yellow = 40",tensor([[0.0619]]),<m> purple = 30 </m>
2193,twenty purple block 's thirty,"blue = 50, purple = 30, red = 50, yellow = 50",tensor([[0.0581]]),<m> purple = 30 </m>
2194,twenty purple block 's thirty,"blue = 50, purple = 40, red = 50, yellow = 20",tensor([[0.0520]]),<m> purple = 30 </m>
2195,twenty purple block 's thirty,"blue = 50, purple = 40, red = 50, yellow = 30",tensor([[0.0559]]),<m> purple = 30 </m>
2196,twenty purple block 's thirty,"blue = 50, purple = 50, red = 50, yellow = 20",tensor([[0.0438]]),<m> purple = 30 </m>
2197,twenty purple block 's thirty,"blue = 50, purple = 50, red = 50, yellow = 30",tensor([[0.0557]]),<m> purple = 30 </m>
2198,twenty purple block 's thirty,"green = 10, purple = 10, red = 50, yellow = 20",tensor([[0.0556]]),<m> purple = 30 </m>
2199,twenty purple block 's thirty,"green = 10, purple = 10, red = 50, yellow = 30",tensor([[0.0492]]),<m> purple = 30 </m>
2200,twenty purple block 's thirty,"green = 10, purple = 20, red = 50, yellow = 10",tensor([[0.0503]]),<m> purple = 30 </m>
2201,twenty purple block 's thirty,"green = 10, purple = 20, red = 50, yellow = 20",tensor([[0.0459]]),<m> purple = 30 </m>
2202,twenty purple block 's thirty,"green = 10, purple = 20, red = 50, yellow = 30",tensor([[0.0500]]),<m> purple = 30 </m>
2203,twenty purple block 's thirty,"green = 10, purple = 20, red = 50, yellow = 40",tensor([[0.0525]]),<m> purple = 30 </m>
2204,twenty purple block 's thirty,"green = 10, purple = 20, red = 50, yellow = 50",tensor([[0.0418]]),<m> purple = 30 </m>
2205,twenty purple block 's thirty,"green = 10, purple = 30, red = 50, yellow = 10",tensor([[0.0656]]),<m> purple = 30 </m>
2206,twenty purple block 's thirty,"green = 10, purple = 30, red = 50, yellow = 20",tensor([[0.0624]]),<m> purple = 30 </m>
2207,twenty purple block 's thirty,"green = 10, purple = 30, red = 50, yellow = 30",tensor([[0.0535]]),<m> purple = 30 </m>
2208,twenty purple block 's thirty,"green = 10, purple = 30, red = 50, yellow = 40",tensor([[0.0640]]),<m> purple = 30 </m>
2209,twenty purple block 's thirty,"green = 10, purple = 30, red = 50, yellow = 50",tensor([[0.0651]]),<m> purple = 30 </m>
2210,twenty purple block 's thirty,"green = 10, purple = 40, red = 50, yellow = 20",tensor([[0.0510]]),<m> purple = 30 </m>
2211,twenty purple block 's thirty,"green = 10, purple = 40, red = 50, yellow = 30",tensor([[0.0516]]),<m> purple = 30 </m>
2212,twenty purple block 's thirty,"green = 10, purple = 50, red = 50, yellow = 20",tensor([[0.0510]]),<m> purple = 30 </m>
2213,twenty purple block 's thirty,"green = 10, purple = 50, red = 50, yellow = 30",tensor([[0.0528]]),<m> purple = 30 </m>
2214,twenty purple block 's thirty,"green = 20, purple = 10, red = 50, yellow = 10",tensor([[0.0487]]),<m> purple = 30 </m>
2215,twenty purple block 's thirty,"green = 20, purple = 10, red = 50, yellow = 20",tensor([[0.0479]]),<m> purple = 30 </m>
2216,twenty purple block 's thirty,"green = 20, purple = 10, red = 50, yellow = 30",tensor([[0.0473]]),<m> purple = 30 </m>
2217,twenty purple block 's thirty,"green = 20, purple = 10, red = 50, yellow = 40",tensor([[0.0482]]),<m> purple = 30 </m>
2218,twenty purple block 's thirty,"green = 20, purple = 10, red = 50, yellow = 50",tensor([[0.0533]]),<m> purple = 30 </m>
2219,twenty purple block 's thirty,"green = 20, purple = 20, red = 50, yellow = 10",tensor([[0.0499]]),<m> purple = 30 </m>
2220,twenty purple block 's thirty,"green = 20, purple = 20, red = 50, yellow = 20",tensor([[0.0485]]),<m> purple = 30 </m>
2221,twenty purple block 's thirty,"green = 20, purple = 20, red = 50, yellow = 30",tensor([[0.0507]]),<m> purple = 30 </m>
2222,twenty purple block 's thirty,"green = 20, purple = 20, red = 50, yellow = 40",tensor([[0.0511]]),<m> purple = 30 </m>
2223,twenty purple block 's thirty,"green = 20, purple = 20, red = 50, yellow = 50",tensor([[0.0431]]),<m> purple = 30 </m>
2224,twenty purple block 's thirty,"green = 20, purple = 30, red = 50, yellow = 10",tensor([[0.0673]]),<m> purple = 30 </m>
2225,twenty purple block 's thirty,"green = 20, purple = 30, red = 50, yellow = 20",tensor([[0.0517]]),<m> purple = 30 </m>
2226,twenty purple block 's thirty,"green = 20, purple = 30, red = 50, yellow = 30",tensor([[0.0610]]),<m> purple = 30 </m>
2227,twenty purple block 's thirty,"green = 20, purple = 30, red = 50, yellow = 40",tensor([[0.0583]]),<m> purple = 30 </m>
2228,twenty purple block 's thirty,"green = 20, purple = 30, red = 50, yellow = 50",tensor([[0.0587]]),<m> purple = 30 </m>
2229,twenty purple block 's thirty,"green = 20, purple = 40, red = 50, yellow = 10",tensor([[0.0584]]),<m> purple = 30 </m>
2230,twenty purple block 's thirty,"green = 20, purple = 40, red = 50, yellow = 20",tensor([[0.0410]]),<m> purple = 30 </m>
2231,twenty purple block 's thirty,"green = 20, purple = 40, red = 50, yellow = 30",tensor([[0.0618]]),<m> purple = 30 </m>
2232,twenty purple block 's thirty,"green = 20, purple = 40, red = 50, yellow = 40",tensor([[0.0569]]),<m> purple = 30 </m>
2233,twenty purple block 's thirty,"green = 20, purple = 40, red = 50, yellow = 50",tensor([[0.0571]]),<m> purple = 30 </m>
2234,twenty purple block 's thirty,"green = 20, purple = 50, red = 50, yellow = 10",tensor([[0.0513]]),<m> purple = 30 </m>
2235,twenty purple block 's thirty,"green = 20, purple = 50, red = 50, yellow = 20",tensor([[0.0500]]),<m> purple = 30 </m>
2236,twenty purple block 's thirty,"green = 20, purple = 50, red = 50, yellow = 30",tensor([[0.0502]]),<m> purple = 30 </m>
2237,twenty purple block 's thirty,"green = 20, purple = 50, red = 50, yellow = 40",tensor([[0.0514]]),<m> purple = 30 </m>
2238,twenty purple block 's thirty,"green = 20, purple = 50, red = 50, yellow = 50",tensor([[0.0468]]),<m> purple = 30 </m>
2239,twenty purple block 's thirty,"green = 30, purple = 10, red = 50, yellow = 10",tensor([[0.0454]]),<m> purple = 30 </m>
2240,twenty purple block 's thirty,"green = 30, purple = 10, red = 50, yellow = 20",tensor([[0.0495]]),<m> purple = 30 </m>
2241,twenty purple block 's thirty,"green = 30, purple = 10, red = 50, yellow = 30",tensor([[0.0499]]),<m> purple = 30 </m>
2242,twenty purple block 's thirty,"green = 30, purple = 10, red = 50, yellow = 40",tensor([[0.0474]]),<m> purple = 30 </m>
2243,twenty purple block 's thirty,"green = 30, purple = 10, red = 50, yellow = 50",tensor([[0.0482]]),<m> purple = 30 </m>
2244,twenty purple block 's thirty,"green = 30, purple = 20, red = 50, yellow = 10",tensor([[0.0573]]),<m> purple = 30 </m>
2245,twenty purple block 's thirty,"green = 30, purple = 20, red = 50, yellow = 20",tensor([[0.0444]]),<m> purple = 30 </m>
2246,twenty purple block 's thirty,"green = 30, purple = 20, red = 50, yellow = 30",tensor([[0.0530]]),<m> purple = 30 </m>
2247,twenty purple block 's thirty,"green = 30, purple = 20, red = 50, yellow = 40",tensor([[0.0596]]),<m> purple = 30 </m>
2248,twenty purple block 's thirty,"green = 30, purple = 20, red = 50, yellow = 50",tensor([[0.0465]]),<m> purple = 30 </m>
2249,twenty purple block 's thirty,"green = 30, purple = 30, red = 50, yellow = 10",tensor([[0.0591]]),<m> purple = 30 </m>
2250,twenty purple block 's thirty,"green = 30, purple = 30, red = 50, yellow = 20",tensor([[0.0509]]),<m> purple = 30 </m>
2251,twenty purple block 's thirty,"green = 30, purple = 30, red = 50, yellow = 30",tensor([[0.0509]]),<m> purple = 30 </m>
2252,twenty purple block 's thirty,"green = 30, purple = 30, red = 50, yellow = 40",tensor([[0.0543]]),<m> purple = 30 </m>
2253,twenty purple block 's thirty,"green = 30, purple = 30, red = 50, yellow = 50",tensor([[0.0553]]),<m> purple = 30 </m>
2254,twenty purple block 's thirty,"green = 30, purple = 40, red = 50, yellow = 10",tensor([[0.0535]]),<m> purple = 30 </m>
2255,twenty purple block 's thirty,"green = 30, purple = 40, red = 50, yellow = 20",tensor([[0.0544]]),<m> purple = 30 </m>
2256,twenty purple block 's thirty,"green = 30, purple = 40, red = 50, yellow = 30",tensor([[0.0523]]),<m> purple = 30 </m>
2257,twenty purple block 's thirty,"green = 30, purple = 40, red = 50, yellow = 40",tensor([[0.0530]]),<m> purple = 30 </m>
2258,twenty purple block 's thirty,"green = 30, purple = 40, red = 50, yellow = 50",tensor([[0.0527]]),<m> purple = 30 </m>
2259,twenty purple block 's thirty,"green = 30, purple = 50, red = 50, yellow = 10",tensor([[0.0528]]),<m> purple = 30 </m>
2260,twenty purple block 's thirty,"green = 30, purple = 50, red = 50, yellow = 20",tensor([[0.0573]]),<m> purple = 30 </m>
2261,twenty purple block 's thirty,"green = 30, purple = 50, red = 50, yellow = 30",tensor([[0.0527]]),<m> purple = 30 </m>
2262,twenty purple block 's thirty,"green = 30, purple = 50, red = 50, yellow = 40",tensor([[0.0547]]),<m> purple = 30 </m>
2263,twenty purple block 's thirty,"green = 30, purple = 50, red = 50, yellow = 50",tensor([[0.0588]]),<m> purple = 30 </m>
2264,twenty purple block 's thirty,"green = 40, purple = 10, red = 50, yellow = 20",tensor([[0.0533]]),<m> purple = 30 </m>
2265,twenty purple block 's thirty,"green = 40, purple = 10, red = 50, yellow = 30",tensor([[0.0496]]),<m> purple = 30 </m>
2266,twenty purple block 's thirty,"green = 40, purple = 20, red = 50, yellow = 10",tensor([[0.0547]]),<m> purple = 30 </m>
2267,twenty purple block 's thirty,"green = 40, purple = 20, red = 50, yellow = 20",tensor([[0.0459]]),<m> purple = 30 </m>
2268,twenty purple block 's thirty,"green = 40, purple = 20, red = 50, yellow = 30",tensor([[0.0472]]),<m> purple = 30 </m>
2269,twenty purple block 's thirty,"green = 40, purple = 20, red = 50, yellow = 40",tensor([[0.0600]]),<m> purple = 30 </m>
2270,twenty purple block 's thirty,"green = 40, purple = 20, red = 50, yellow = 50",tensor([[0.0500]]),<m> purple = 30 </m>
2271,twenty purple block 's thirty,"green = 40, purple = 30, red = 50, yellow = 10",tensor([[0.0669]]),<m> purple = 30 </m>
2272,twenty purple block 's thirty,"green = 40, purple = 30, red = 50, yellow = 20",tensor([[0.0651]]),<m> purple = 30 </m>
2273,twenty purple block 's thirty,"green = 40, purple = 30, red = 50, yellow = 30",tensor([[0.0583]]),<m> purple = 30 </m>
2274,twenty purple block 's thirty,"green = 40, purple = 30, red = 50, yellow = 40",tensor([[0.0646]]),<m> purple = 30 </m>
2275,twenty purple block 's thirty,"green = 40, purple = 30, red = 50, yellow = 50",tensor([[0.0544]]),<m> purple = 30 </m>
2276,twenty purple block 's thirty,"green = 40, purple = 40, red = 50, yellow = 20",tensor([[0.0522]]),<m> purple = 30 </m>
2277,twenty purple block 's thirty,"green = 40, purple = 40, red = 50, yellow = 30",tensor([[0.0549]]),<m> purple = 30 </m>
2278,twenty purple block 's thirty,"green = 40, purple = 50, red = 50, yellow = 20",tensor([[0.0462]]),<m> purple = 30 </m>
2279,twenty purple block 's thirty,"green = 40, purple = 50, red = 50, yellow = 30",tensor([[0.0530]]),<m> purple = 30 </m>
2280,twenty purple block 's thirty,"green = 50, purple = 10, red = 50, yellow = 20",tensor([[0.0537]]),<m> purple = 30 </m>
2281,twenty purple block 's thirty,"green = 50, purple = 10, red = 50, yellow = 30",tensor([[0.0468]]),<m> purple = 30 </m>
2282,twenty purple block 's thirty,"green = 50, purple = 20, red = 50, yellow = 10",tensor([[0.0455]]),<m> purple = 30 </m>
2283,twenty purple block 's thirty,"green = 50, purple = 20, red = 50, yellow = 20",tensor([[0.0526]]),<m> purple = 30 </m>
2284,twenty purple block 's thirty,"green = 50, purple = 20, red = 50, yellow = 30",tensor([[0.0455]]),<m> purple = 30 </m>
2285,twenty purple block 's thirty,"green = 50, purple = 20, red = 50, yellow = 40",tensor([[0.0467]]),<m> purple = 30 </m>
2286,twenty purple block 's thirty,"green = 50, purple = 20, red = 50, yellow = 50",tensor([[0.0503]]),<m> purple = 30 </m>
2287,twenty purple block 's thirty,"green = 50, purple = 30, red = 50, yellow = 10",tensor([[0.0642]]),<m> purple = 30 </m>
2288,twenty purple block 's thirty,"green = 50, purple = 30, red = 50, yellow = 20",tensor([[0.0540]]),<m> purple = 30 </m>
2289,twenty purple block 's thirty,"green = 50, purple = 30, red = 50, yellow = 30",tensor([[0.0492]]),<m> purple = 30 </m>
2290,twenty purple block 's thirty,"green = 50, purple = 30, red = 50, yellow = 40",tensor([[0.0586]]),<m> purple = 30 </m>
2291,twenty purple block 's thirty,"green = 50, purple = 30, red = 50, yellow = 50",tensor([[0.0555]]),<m> purple = 30 </m>
2292,twenty purple block 's thirty,"green = 50, purple = 40, red = 50, yellow = 20",tensor([[0.0476]]),<m> purple = 30 </m>
2293,twenty purple block 's thirty,"green = 50, purple = 40, red = 50, yellow = 30",tensor([[0.0512]]),<m> purple = 30 </m>
2294,twenty purple block 's thirty,"green = 50, purple = 50, red = 50, yellow = 20",tensor([[0.0420]]),<m> purple = 30 </m>
2295,twenty purple block 's thirty,"green = 50, purple = 50, red = 50, yellow = 30",tensor([[0.0593]]),<m> purple = 30 </m>
2296,twenty purple block 's thirty,"blue = 10, green = 10, purple = 10, yellow = 20",tensor([[0.0497]]),<m> purple = 30 </m>
2297,twenty purple block 's thirty,"blue = 10, green = 10, purple = 10, yellow = 30",tensor([[0.0506]]),<m> purple = 30 </m>
2298,twenty purple block 's thirty,"blue = 10, green = 10, purple = 20, yellow = 10",tensor([[0.0486]]),<m> purple = 30 </m>
2299,twenty purple block 's thirty,"blue = 10, green = 10, purple = 20, yellow = 20",tensor([[0.0518]]),<m> purple = 30 </m>
2300,twenty purple block 's thirty,"blue = 10, green = 10, purple = 20, yellow = 30",tensor([[0.0503]]),<m> purple = 30 </m>
2301,twenty purple block 's thirty,"blue = 10, green = 10, purple = 20, yellow = 40",tensor([[0.0492]]),<m> purple = 30 </m>
2302,twenty purple block 's thirty,"blue = 10, green = 10, purple = 20, yellow = 50",tensor([[0.0558]]),<m> purple = 30 </m>
2303,twenty purple block 's thirty,"blue = 10, green = 10, purple = 30, yellow = 10",tensor([[0.0527]]),<m> purple = 30 </m>
2304,twenty purple block 's thirty,"blue = 10, green = 10, purple = 30, yellow = 20",tensor([[0.0480]]),<m> purple = 30 </m>
2305,twenty purple block 's thirty,"blue = 10, green = 10, purple = 30, yellow = 30",tensor([[0.0530]]),<m> purple = 30 </m>
2306,twenty purple block 's thirty,"blue = 10, green = 10, purple = 30, yellow = 40",tensor([[0.0474]]),<m> purple = 30 </m>
2307,twenty purple block 's thirty,"blue = 10, green = 10, purple = 30, yellow = 50",tensor([[0.0458]]),<m> purple = 30 </m>
2308,twenty purple block 's thirty,"blue = 10, green = 10, purple = 40, yellow = 20",tensor([[0.0506]]),<m> purple = 30 </m>
2309,twenty purple block 's thirty,"blue = 10, green = 10, purple = 40, yellow = 30",tensor([[0.0520]]),<m> purple = 30 </m>
2310,twenty purple block 's thirty,"blue = 10, green = 10, purple = 50, yellow = 20",tensor([[0.0549]]),<m> purple = 30 </m>
2311,twenty purple block 's thirty,"blue = 10, green = 10, purple = 50, yellow = 30",tensor([[0.0509]]),<m> purple = 30 </m>
2312,twenty purple block 's thirty,"blue = 10, green = 20, purple = 10, yellow = 10",tensor([[0.0495]]),<m> purple = 30 </m>
2313,twenty purple block 's thirty,"blue = 10, green = 20, purple = 10, yellow = 20",tensor([[0.0448]]),<m> purple = 30 </m>
2314,twenty purple block 's thirty,"blue = 10, green = 20, purple = 10, yellow = 30",tensor([[0.0449]]),<m> purple = 30 </m>
2315,twenty purple block 's thirty,"blue = 10, green = 20, purple = 10, yellow = 40",tensor([[0.0462]]),<m> purple = 30 </m>
2316,twenty purple block 's thirty,"blue = 10, green = 20, purple = 10, yellow = 50",tensor([[0.0471]]),<m> purple = 30 </m>
2317,twenty purple block 's thirty,"blue = 10, green = 20, purple = 20, yellow = 10",tensor([[0.0506]]),<m> purple = 30 </m>
2318,twenty purple block 's thirty,"blue = 10, green = 20, purple = 20, yellow = 20",tensor([[0.0487]]),<m> purple = 30 </m>
2319,twenty purple block 's thirty,"blue = 10, green = 20, purple = 20, yellow = 30",tensor([[0.0453]]),<m> purple = 30 </m>
2320,twenty purple block 's thirty,"blue = 10, green = 20, purple = 20, yellow = 40",tensor([[0.0467]]),<m> purple = 30 </m>
2321,twenty purple block 's thirty,"blue = 10, green = 20, purple = 20, yellow = 50",tensor([[0.0463]]),<m> purple = 30 </m>
2322,twenty purple block 's thirty,"blue = 10, green = 20, purple = 30, yellow = 10",tensor([[0.0518]]),<m> purple = 30 </m>
2323,twenty purple block 's thirty,"blue = 10, green = 20, purple = 30, yellow = 20",tensor([[0.0505]]),<m> purple = 30 </m>
2324,twenty purple block 's thirty,"blue = 10, green = 20, purple = 30, yellow = 30",tensor([[0.0508]]),<m> purple = 30 </m>
2325,twenty purple block 's thirty,"blue = 10, green = 20, purple = 30, yellow = 40",tensor([[0.0598]]),<m> purple = 30 </m>
2326,twenty purple block 's thirty,"blue = 10, green = 20, purple = 30, yellow = 50",tensor([[0.0595]]),<m> purple = 30 </m>
2327,twenty purple block 's thirty,"blue = 10, green = 20, purple = 40, yellow = 10",tensor([[0.0581]]),<m> purple = 30 </m>
2328,twenty purple block 's thirty,"blue = 10, green = 20, purple = 40, yellow = 20",tensor([[0.0486]]),<m> purple = 30 </m>
2329,twenty purple block 's thirty,"blue = 10, green = 20, purple = 40, yellow = 30",tensor([[0.0595]]),<m> purple = 30 </m>
2330,twenty purple block 's thirty,"blue = 10, green = 20, purple = 40, yellow = 40",tensor([[0.0571]]),<m> purple = 30 </m>
2331,twenty purple block 's thirty,"blue = 10, green = 20, purple = 40, yellow = 50",tensor([[0.0489]]),<m> purple = 30 </m>
2332,twenty purple block 's thirty,"blue = 10, green = 20, purple = 50, yellow = 10",tensor([[0.0496]]),<m> purple = 30 </m>
2333,twenty purple block 's thirty,"blue = 10, green = 20, purple = 50, yellow = 20",tensor([[0.0487]]),<m> purple = 30 </m>
2334,twenty purple block 's thirty,"blue = 10, green = 20, purple = 50, yellow = 30",tensor([[0.0544]]),<m> purple = 30 </m>
2335,twenty purple block 's thirty,"blue = 10, green = 20, purple = 50, yellow = 40",tensor([[0.0435]]),<m> purple = 30 </m>
2336,twenty purple block 's thirty,"blue = 10, green = 20, purple = 50, yellow = 50",tensor([[0.0430]]),<m> purple = 30 </m>
2337,twenty purple block 's thirty,"blue = 10, green = 30, purple = 10, yellow = 10",tensor([[0.0500]]),<m> purple = 30 </m>
2338,twenty purple block 's thirty,"blue = 10, green = 30, purple = 10, yellow = 20",tensor([[0.0528]]),<m> purple = 30 </m>
2339,twenty purple block 's thirty,"blue = 10, green = 30, purple = 10, yellow = 30",tensor([[0.0507]]),<m> purple = 30 </m>
2340,twenty purple block 's thirty,"blue = 10, green = 30, purple = 10, yellow = 40",tensor([[0.0528]]),<m> purple = 30 </m>
2341,twenty purple block 's thirty,"blue = 10, green = 30, purple = 10, yellow = 50",tensor([[0.0466]]),<m> purple = 30 </m>
2342,twenty purple block 's thirty,"blue = 10, green = 30, purple = 20, yellow = 10",tensor([[0.0471]]),<m> purple = 30 </m>
2343,twenty purple block 's thirty,"blue = 10, green = 30, purple = 20, yellow = 20",tensor([[0.0484]]),<m> purple = 30 </m>
2344,twenty purple block 's thirty,"blue = 10, green = 30, purple = 20, yellow = 30",tensor([[0.0486]]),<m> purple = 30 </m>
2345,twenty purple block 's thirty,"blue = 10, green = 30, purple = 20, yellow = 40",tensor([[0.0588]]),<m> purple = 30 </m>
2346,twenty purple block 's thirty,"blue = 10, green = 30, purple = 20, yellow = 50",tensor([[0.0518]]),<m> purple = 30 </m>
2347,twenty purple block 's thirty,"blue = 10, green = 30, purple = 30, yellow = 10",tensor([[0.0501]]),<m> purple = 30 </m>
2348,twenty purple block 's thirty,"blue = 10, green = 30, purple = 30, yellow = 20",tensor([[0.0473]]),<m> purple = 30 </m>
2349,twenty purple block 's thirty,"blue = 10, green = 30, purple = 30, yellow = 30",tensor([[0.0467]]),<m> purple = 30 </m>
2350,twenty purple block 's thirty,"blue = 10, green = 30, purple = 30, yellow = 40",tensor([[0.0598]]),<m> purple = 30 </m>
2351,twenty purple block 's thirty,"blue = 10, green = 30, purple = 30, yellow = 50",tensor([[0.0477]]),<m> purple = 30 </m>
2352,twenty purple block 's thirty,"blue = 10, green = 30, purple = 40, yellow = 10",tensor([[0.0613]]),<m> purple = 30 </m>
2353,twenty purple block 's thirty,"blue = 10, green = 30, purple = 40, yellow = 20",tensor([[0.0631]]),<m> purple = 30 </m>
2354,twenty purple block 's thirty,"blue = 10, green = 30, purple = 40, yellow = 30",tensor([[0.0551]]),<m> purple = 30 </m>
2355,twenty purple block 's thirty,"blue = 10, green = 30, purple = 40, yellow = 40",tensor([[0.0542]]),<m> purple = 30 </m>
2356,twenty purple block 's thirty,"blue = 10, green = 30, purple = 40, yellow = 50",tensor([[0.0613]]),<m> purple = 30 </m>
2357,twenty purple block 's thirty,"blue = 10, green = 30, purple = 50, yellow = 10",tensor([[0.0614]]),<m> purple = 30 </m>
2358,twenty purple block 's thirty,"blue = 10, green = 30, purple = 50, yellow = 20",tensor([[0.0611]]),<m> purple = 30 </m>
2359,twenty purple block 's thirty,"blue = 10, green = 30, purple = 50, yellow = 30",tensor([[0.0559]]),<m> purple = 30 </m>
2360,twenty purple block 's thirty,"blue = 10, green = 30, purple = 50, yellow = 40",tensor([[0.0562]]),<m> purple = 30 </m>
2361,twenty purple block 's thirty,"blue = 10, green = 30, purple = 50, yellow = 50",tensor([[0.0593]]),<m> purple = 30 </m>
2362,twenty purple block 's thirty,"blue = 10, green = 40, purple = 10, yellow = 20",tensor([[0.0539]]),<m> purple = 30 </m>
2363,twenty purple block 's thirty,"blue = 10, green = 40, purple = 10, yellow = 30",tensor([[0.0528]]),<m> purple = 30 </m>
2364,twenty purple block 's thirty,"blue = 10, green = 40, purple = 20, yellow = 10",tensor([[0.0484]]),<m> purple = 30 </m>
2365,twenty purple block 's thirty,"blue = 10, green = 40, purple = 20, yellow = 20",tensor([[0.0497]]),<m> purple = 30 </m>
2366,twenty purple block 's thirty,"blue = 10, green = 40, purple = 20, yellow = 30",tensor([[0.0491]]),<m> purple = 30 </m>
2367,twenty purple block 's thirty,"blue = 10, green = 40, purple = 20, yellow = 40",tensor([[0.0475]]),<m> purple = 30 </m>
2368,twenty purple block 's thirty,"blue = 10, green = 40, purple = 20, yellow = 50",tensor([[0.0527]]),<m> purple = 30 </m>
2369,twenty purple block 's thirty,"blue = 10, green = 40, purple = 30, yellow = 10",tensor([[0.0529]]),<m> purple = 30 </m>
2370,twenty purple block 's thirty,"blue = 10, green = 40, purple = 30, yellow = 20",tensor([[0.0512]]),<m> purple = 30 </m>
2371,twenty purple block 's thirty,"blue = 10, green = 40, purple = 30, yellow = 30",tensor([[0.0510]]),<m> purple = 30 </m>
2372,twenty purple block 's thirty,"blue = 10, green = 40, purple = 30, yellow = 40",tensor([[0.0595]]),<m> purple = 30 </m>
2373,twenty purple block 's thirty,"blue = 10, green = 40, purple = 30, yellow = 50",tensor([[0.0599]]),<m> purple = 30 </m>
2374,twenty purple block 's thirty,"blue = 10, green = 40, purple = 40, yellow = 20",tensor([[0.0499]]),<m> purple = 30 </m>
2375,twenty purple block 's thirty,"blue = 10, green = 40, purple = 40, yellow = 30",tensor([[0.0576]]),<m> purple = 30 </m>
2376,twenty purple block 's thirty,"blue = 10, green = 40, purple = 50, yellow = 20",tensor([[0.0529]]),<m> purple = 30 </m>
2377,twenty purple block 's thirty,"blue = 10, green = 40, purple = 50, yellow = 30",tensor([[0.0522]]),<m> purple = 30 </m>
2378,twenty purple block 's thirty,"blue = 10, green = 50, purple = 10, yellow = 20",tensor([[0.0434]]),<m> purple = 30 </m>
2379,twenty purple block 's thirty,"blue = 10, green = 50, purple = 10, yellow = 30",tensor([[0.0455]]),<m> purple = 30 </m>
2380,twenty purple block 's thirty,"blue = 10, green = 50, purple = 20, yellow = 10",tensor([[0.0480]]),<m> purple = 30 </m>
2381,twenty purple block 's thirty,"blue = 10, green = 50, purple = 20, yellow = 20",tensor([[0.0489]]),<m> purple = 30 </m>
2382,twenty purple block 's thirty,"blue = 10, green = 50, purple = 20, yellow = 30",tensor([[0.0488]]),<m> purple = 30 </m>
2383,twenty purple block 's thirty,"blue = 10, green = 50, purple = 20, yellow = 40",tensor([[0.0476]]),<m> purple = 30 </m>
2384,twenty purple block 's thirty,"blue = 10, green = 50, purple = 20, yellow = 50",tensor([[0.0464]]),<m> purple = 30 </m>
2385,twenty purple block 's thirty,"blue = 10, green = 50, purple = 30, yellow = 10",tensor([[0.0523]]),<m> purple = 30 </m>
2386,twenty purple block 's thirty,"blue = 10, green = 50, purple = 30, yellow = 20",tensor([[0.0522]]),<m> purple = 30 </m>
2387,twenty purple block 's thirty,"blue = 10, green = 50, purple = 30, yellow = 30",tensor([[0.0475]]),<m> purple = 30 </m>
2388,twenty purple block 's thirty,"blue = 10, green = 50, purple = 30, yellow = 40",tensor([[0.0463]]),<m> purple = 30 </m>
2389,twenty purple block 's thirty,"blue = 10, green = 50, purple = 30, yellow = 50",tensor([[0.0590]]),<m> purple = 30 </m>
2390,twenty purple block 's thirty,"blue = 10, green = 50, purple = 40, yellow = 20",tensor([[0.0474]]),<m> purple = 30 </m>
2391,twenty purple block 's thirty,"blue = 10, green = 50, purple = 40, yellow = 30",tensor([[0.0531]]),<m> purple = 30 </m>
2392,twenty purple block 's thirty,"blue = 10, green = 50, purple = 50, yellow = 20",tensor([[0.0474]]),<m> purple = 30 </m>
2393,twenty purple block 's thirty,"blue = 10, green = 50, purple = 50, yellow = 30",tensor([[0.0513]]),<m> purple = 30 </m>
2394,twenty purple block 's thirty,"blue = 20, green = 10, purple = 10, yellow = 10",tensor([[0.0461]]),<m> purple = 30 </m>
2395,twenty purple block 's thirty,"blue = 20, green = 10, purple = 10, yellow = 20",tensor([[0.0434]]),<m> purple = 30 </m>
2396,twenty purple block 's thirty,"blue = 20, green = 10, purple = 10, yellow = 30",tensor([[0.0426]]),<m> purple = 30 </m>
2397,twenty purple block 's thirty,"blue = 20, green = 10, purple = 10, yellow = 40",tensor([[0.0440]]),<m> purple = 30 </m>
2398,twenty purple block 's thirty,"blue = 20, green = 10, purple = 10, yellow = 50",tensor([[0.0459]]),<m> purple = 30 </m>
2399,twenty purple block 's thirty,"blue = 20, green = 10, purple = 20, yellow = 10",tensor([[0.0420]]),<m> purple = 30 </m>
2400,twenty purple block 's thirty,"blue = 20, green = 10, purple = 20, yellow = 20",tensor([[0.0419]]),<m> purple = 30 </m>
2401,twenty purple block 's thirty,"blue = 20, green = 10, purple = 20, yellow = 30",tensor([[0.0591]]),<m> purple = 30 </m>
2402,twenty purple block 's thirty,"blue = 20, green = 10, purple = 20, yellow = 40",tensor([[0.0520]]),<m> purple = 30 </m>
2403,twenty purple block 's thirty,"blue = 20, green = 10, purple = 20, yellow = 50",tensor([[0.0537]]),<m> purple = 30 </m>
2404,twenty purple block 's thirty,"blue = 20, green = 10, purple = 30, yellow = 10",tensor([[0.0598]]),<m> purple = 30 </m>
2405,twenty purple block 's thirty,"blue = 20, green = 10, purple = 30, yellow = 20",tensor([[0.0417]]),<m> purple = 30 </m>
2406,twenty purple block 's thirty,"blue = 20, green = 10, purple = 30, yellow = 30",tensor([[0.0428]]),<m> purple = 30 </m>
2407,twenty purple block 's thirty,"blue = 20, green = 10, purple = 30, yellow = 40",tensor([[0.0486]]),<m> purple = 30 </m>
2408,twenty purple block 's thirty,"blue = 20, green = 10, purple = 30, yellow = 50",tensor([[0.0491]]),<m> purple = 30 </m>
2409,twenty purple block 's thirty,"blue = 20, green = 10, purple = 40, yellow = 10",tensor([[0.0579]]),<m> purple = 30 </m>
2410,twenty purple block 's thirty,"blue = 20, green = 10, purple = 40, yellow = 20",tensor([[0.0456]]),<m> purple = 30 </m>
2411,twenty purple block 's thirty,"blue = 20, green = 10, purple = 40, yellow = 30",tensor([[0.0405]]),<m> purple = 30 </m>
2412,twenty purple block 's thirty,"blue = 20, green = 10, purple = 40, yellow = 40",tensor([[0.0463]]),<m> purple = 30 </m>
2413,twenty purple block 's thirty,"blue = 20, green = 10, purple = 40, yellow = 50",tensor([[0.0454]]),<m> purple = 30 </m>
2414,twenty purple block 's thirty,"blue = 20, green = 10, purple = 50, yellow = 10",tensor([[0.0517]]),<m> purple = 30 </m>
2415,twenty purple block 's thirty,"blue = 20, green = 10, purple = 50, yellow = 20",tensor([[0.0449]]),<m> purple = 30 </m>
2416,twenty purple block 's thirty,"blue = 20, green = 10, purple = 50, yellow = 30",tensor([[0.0422]]),<m> purple = 30 </m>
2417,twenty purple block 's thirty,"blue = 20, green = 10, purple = 50, yellow = 40",tensor([[0.0438]]),<m> purple = 30 </m>
2418,twenty purple block 's thirty,"blue = 20, green = 10, purple = 50, yellow = 50",tensor([[0.0458]]),<m> purple = 30 </m>
2419,twenty purple block 's thirty,"blue = 20, green = 20, purple = 10, yellow = 10",tensor([[0.0482]]),<m> purple = 30 </m>
2420,twenty purple block 's thirty,"blue = 20, green = 20, purple = 10, yellow = 20",tensor([[0.0427]]),<m> purple = 30 </m>
2421,twenty purple block 's thirty,"blue = 20, green = 20, purple = 10, yellow = 30",tensor([[0.0466]]),<m> purple = 30 </m>
2422,twenty purple block 's thirty,"blue = 20, green = 20, purple = 10, yellow = 40",tensor([[0.0448]]),<m> purple = 30 </m>
2423,twenty purple block 's thirty,"blue = 20, green = 20, purple = 10, yellow = 50",tensor([[0.0433]]),<m> purple = 30 </m>
2424,twenty purple block 's thirty,"blue = 20, green = 20, purple = 20, yellow = 10",tensor([[0.0484]]),<m> purple = 30 </m>
2425,twenty purple block 's thirty,"blue = 20, green = 20, purple = 20, yellow = 20",tensor([[0.0531]]),<m> purple = 30 </m>
2426,twenty purple block 's thirty,"blue = 20, green = 20, purple = 20, yellow = 30",tensor([[0.0485]]),<m> purple = 30 </m>
2427,twenty purple block 's thirty,"blue = 20, green = 20, purple = 20, yellow = 40",tensor([[0.0527]]),<m> purple = 30 </m>
2428,twenty purple block 's thirty,"blue = 20, green = 20, purple = 20, yellow = 50",tensor([[0.0461]]),<m> purple = 30 </m>
2429,twenty purple block 's thirty,"blue = 20, green = 20, purple = 30, yellow = 10",tensor([[0.0549]]),<m> purple = 30 </m>
2430,twenty purple block 's thirty,"blue = 20, green = 20, purple = 30, yellow = 20",tensor([[0.0402]]),<m> purple = 30 </m>
2431,twenty purple block 's thirty,"blue = 20, green = 20, purple = 30, yellow = 30",tensor([[0.0458]]),<m> purple = 30 </m>
2432,twenty purple block 's thirty,"blue = 20, green = 20, purple = 30, yellow = 40",tensor([[0.0520]]),<m> purple = 30 </m>
2433,twenty purple block 's thirty,"blue = 20, green = 20, purple = 30, yellow = 50",tensor([[0.0577]]),<m> purple = 30 </m>
2434,twenty purple block 's thirty,"blue = 20, green = 20, purple = 40, yellow = 10",tensor([[0.0473]]),<m> purple = 30 </m>
2435,twenty purple block 's thirty,"blue = 20, green = 20, purple = 40, yellow = 20",tensor([[0.0425]]),<m> purple = 30 </m>
2436,twenty purple block 's thirty,"blue = 20, green = 20, purple = 40, yellow = 30",tensor([[0.0575]]),<m> purple = 30 </m>
2437,twenty purple block 's thirty,"blue = 20, green = 20, purple = 40, yellow = 40",tensor([[0.0456]]),<m> purple = 30 </m>
2438,twenty purple block 's thirty,"blue = 20, green = 20, purple = 40, yellow = 50",tensor([[0.0482]]),<m> purple = 30 </m>
2439,twenty purple block 's thirty,"blue = 20, green = 20, purple = 50, yellow = 10",tensor([[0.0441]]),<m> purple = 30 </m>
2440,twenty purple block 's thirty,"blue = 20, green = 20, purple = 50, yellow = 20",tensor([[0.0408]]),<m> purple = 30 </m>
2441,twenty purple block 's thirty,"blue = 20, green = 20, purple = 50, yellow = 30",tensor([[0.0561]]),<m> purple = 30 </m>
2442,twenty purple block 's thirty,"blue = 20, green = 20, purple = 50, yellow = 40",tensor([[0.0437]]),<m> purple = 30 </m>
2443,twenty purple block 's thirty,"blue = 20, green = 20, purple = 50, yellow = 50",tensor([[0.0540]]),<m> purple = 30 </m>
2444,twenty purple block 's thirty,"blue = 20, green = 30, purple = 10, yellow = 10",tensor([[0.0540]]),<m> purple = 30 </m>
2445,twenty purple block 's thirty,"blue = 20, green = 30, purple = 10, yellow = 20",tensor([[0.0527]]),<m> purple = 30 </m>
2446,twenty purple block 's thirty,"blue = 20, green = 30, purple = 10, yellow = 30",tensor([[0.0488]]),<m> purple = 30 </m>
2447,twenty purple block 's thirty,"blue = 20, green = 30, purple = 10, yellow = 40",tensor([[0.0539]]),<m> purple = 30 </m>
2448,twenty purple block 's thirty,"blue = 20, green = 30, purple = 10, yellow = 50",tensor([[0.0525]]),<m> purple = 30 </m>
2449,twenty purple block 's thirty,"blue = 20, green = 30, purple = 20, yellow = 10",tensor([[0.0428]]),<m> purple = 30 </m>
2450,twenty purple block 's thirty,"blue = 20, green = 30, purple = 20, yellow = 20",tensor([[0.0478]]),<m> purple = 30 </m>
2451,twenty purple block 's thirty,"blue = 20, green = 30, purple = 20, yellow = 30",tensor([[0.0482]]),<m> purple = 30 </m>
2452,twenty purple block 's thirty,"blue = 20, green = 30, purple = 20, yellow = 40",tensor([[0.0575]]),<m> purple = 30 </m>
2453,twenty purple block 's thirty,"blue = 20, green = 30, purple = 20, yellow = 50",tensor([[0.0504]]),<m> purple = 30 </m>
2454,twenty purple block 's thirty,"blue = 20, green = 30, purple = 30, yellow = 10",tensor([[0.0551]]),<m> purple = 30 </m>
2455,twenty purple block 's thirty,"blue = 20, green = 30, purple = 30, yellow = 20",tensor([[0.0454]]),<m> purple = 30 </m>
2456,twenty purple block 's thirty,"blue = 20, green = 30, purple = 30, yellow = 30",tensor([[0.0510]]),<m> purple = 30 </m>
2457,twenty purple block 's thirty,"blue = 20, green = 30, purple = 30, yellow = 40",tensor([[0.0596]]),<m> purple = 30 </m>
2458,twenty purple block 's thirty,"blue = 20, green = 30, purple = 30, yellow = 50",tensor([[0.0605]]),<m> purple = 30 </m>
2459,twenty purple block 's thirty,"blue = 20, green = 30, purple = 40, yellow = 10",tensor([[0.0655]]),<m> purple = 30 </m>
2460,twenty purple block 's thirty,"blue = 20, green = 30, purple = 40, yellow = 20",tensor([[0.0525]]),<m> purple = 30 </m>
2461,twenty purple block 's thirty,"blue = 20, green = 30, purple = 40, yellow = 30",tensor([[0.0617]]),<m> purple = 30 </m>
2462,twenty purple block 's thirty,"blue = 20, green = 30, purple = 40, yellow = 40",tensor([[0.0571]]),<m> purple = 30 </m>
2463,twenty purple block 's thirty,"blue = 20, green = 30, purple = 40, yellow = 50",tensor([[0.0608]]),<m> purple = 30 </m>
2464,twenty purple block 's thirty,"blue = 20, green = 30, purple = 50, yellow = 10",tensor([[0.0654]]),<m> purple = 30 </m>
2465,twenty purple block 's thirty,"blue = 20, green = 30, purple = 50, yellow = 20",tensor([[0.0538]]),<m> purple = 30 </m>
2466,twenty purple block 's thirty,"blue = 20, green = 30, purple = 50, yellow = 30",tensor([[0.0602]]),<m> purple = 30 </m>
2467,twenty purple block 's thirty,"blue = 20, green = 30, purple = 50, yellow = 40",tensor([[0.0595]]),<m> purple = 30 </m>
2468,twenty purple block 's thirty,"blue = 20, green = 30, purple = 50, yellow = 50",tensor([[0.0594]]),<m> purple = 30 </m>
2469,twenty purple block 's thirty,"blue = 20, green = 40, purple = 10, yellow = 10",tensor([[0.0489]]),<m> purple = 30 </m>
2470,twenty purple block 's thirty,"blue = 20, green = 40, purple = 10, yellow = 20",tensor([[0.0492]]),<m> purple = 30 </m>
2471,twenty purple block 's thirty,"blue = 20, green = 40, purple = 10, yellow = 30",tensor([[0.0493]]),<m> purple = 30 </m>
2472,twenty purple block 's thirty,"blue = 20, green = 40, purple = 10, yellow = 40",tensor([[0.0527]]),<m> purple = 30 </m>
2473,twenty purple block 's thirty,"blue = 20, green = 40, purple = 10, yellow = 50",tensor([[0.0542]]),<m> purple = 30 </m>
2474,twenty purple block 's thirty,"blue = 20, green = 40, purple = 20, yellow = 10",tensor([[0.0559]]),<m> purple = 30 </m>
2475,twenty purple block 's thirty,"blue = 20, green = 40, purple = 20, yellow = 20",tensor([[0.0547]]),<m> purple = 30 </m>
2476,twenty purple block 's thirty,"blue = 20, green = 40, purple = 20, yellow = 30",tensor([[0.0428]]),<m> purple = 30 </m>
2477,twenty purple block 's thirty,"blue = 20, green = 40, purple = 20, yellow = 40",tensor([[0.0544]]),<m> purple = 30 </m>
2478,twenty purple block 's thirty,"blue = 20, green = 40, purple = 20, yellow = 50",tensor([[0.0528]]),<m> purple = 30 </m>
2479,twenty purple block 's thirty,"blue = 20, green = 40, purple = 30, yellow = 10",tensor([[0.0610]]),<m> purple = 30 </m>
2480,twenty purple block 's thirty,"blue = 20, green = 40, purple = 30, yellow = 20",tensor([[0.0505]]),<m> purple = 30 </m>
2481,twenty purple block 's thirty,"blue = 20, green = 40, purple = 30, yellow = 30",tensor([[0.0530]]),<m> purple = 30 </m>
2482,twenty purple block 's thirty,"blue = 20, green = 40, purple = 30, yellow = 40",tensor([[0.0632]]),<m> purple = 30 </m>
2483,twenty purple block 's thirty,"blue = 20, green = 40, purple = 30, yellow = 50",tensor([[0.0595]]),<m> purple = 30 </m>
2484,twenty purple block 's thirty,"blue = 20, green = 40, purple = 40, yellow = 10",tensor([[0.0619]]),<m> purple = 30 </m>
2485,twenty purple block 's thirty,"blue = 20, green = 40, purple = 40, yellow = 20",tensor([[0.0514]]),<m> purple = 30 </m>
2486,twenty purple block 's thirty,"blue = 20, green = 40, purple = 40, yellow = 30",tensor([[0.0609]]),<m> purple = 30 </m>
2487,twenty purple block 's thirty,"blue = 20, green = 40, purple = 40, yellow = 40",tensor([[0.0557]]),<m> purple = 30 </m>
2488,twenty purple block 's thirty,"blue = 20, green = 40, purple = 40, yellow = 50",tensor([[0.0548]]),<m> purple = 30 </m>
2489,twenty purple block 's thirty,"blue = 20, green = 40, purple = 50, yellow = 10",tensor([[0.0539]]),<m> purple = 30 </m>
2490,twenty purple block 's thirty,"blue = 20, green = 40, purple = 50, yellow = 20",tensor([[0.0480]]),<m> purple = 30 </m>
2491,twenty purple block 's thirty,"blue = 20, green = 40, purple = 50, yellow = 30",tensor([[0.0602]]),<m> purple = 30 </m>
2492,twenty purple block 's thirty,"blue = 20, green = 40, purple = 50, yellow = 40",tensor([[0.0609]]),<m> purple = 30 </m>
2493,twenty purple block 's thirty,"blue = 20, green = 40, purple = 50, yellow = 50",tensor([[0.0518]]),<m> purple = 30 </m>
2494,twenty purple block 's thirty,"blue = 20, green = 50, purple = 10, yellow = 10",tensor([[0.0529]]),<m> purple = 30 </m>
2495,twenty purple block 's thirty,"blue = 20, green = 50, purple = 10, yellow = 20",tensor([[0.0554]]),<m> purple = 30 </m>
2496,twenty purple block 's thirty,"blue = 20, green = 50, purple = 10, yellow = 30",tensor([[0.0535]]),<m> purple = 30 </m>
2497,twenty purple block 's thirty,"blue = 20, green = 50, purple = 10, yellow = 40",tensor([[0.0488]]),<m> purple = 30 </m>
2498,twenty purple block 's thirty,"blue = 20, green = 50, purple = 10, yellow = 50",tensor([[0.0515]]),<m> purple = 30 </m>
2499,twenty purple block 's thirty,"blue = 20, green = 50, purple = 20, yellow = 10",tensor([[0.0575]]),<m> purple = 30 </m>
2500,twenty purple block 's thirty,"blue = 20, green = 50, purple = 20, yellow = 20",tensor([[0.0530]]),<m> purple = 30 </m>
2501,twenty purple block 's thirty,"blue = 20, green = 50, purple = 20, yellow = 30",tensor([[0.0473]]),<m> purple = 30 </m>
2502,twenty purple block 's thirty,"blue = 20, green = 50, purple = 20, yellow = 40",tensor([[0.0540]]),<m> purple = 30 </m>
2503,twenty purple block 's thirty,"blue = 20, green = 50, purple = 20, yellow = 50",tensor([[0.0492]]),<m> purple = 30 </m>
2504,twenty purple block 's thirty,"blue = 20, green = 50, purple = 30, yellow = 10",tensor([[0.0611]]),<m> purple = 30 </m>
2505,twenty purple block 's thirty,"blue = 20, green = 50, purple = 30, yellow = 20",tensor([[0.0397]]),<m> purple = 30 </m>
2506,twenty purple block 's thirty,"blue = 20, green = 50, purple = 30, yellow = 30",tensor([[0.0529]]),<m> purple = 30 </m>
2507,twenty purple block 's thirty,"blue = 20, green = 50, purple = 30, yellow = 40",tensor([[0.0523]]),<m> purple = 30 </m>
2508,twenty purple block 's thirty,"blue = 20, green = 50, purple = 30, yellow = 50",tensor([[0.0538]]),<m> purple = 30 </m>
2509,twenty purple block 's thirty,"blue = 20, green = 50, purple = 40, yellow = 10",tensor([[0.0516]]),<m> purple = 30 </m>
2510,twenty purple block 's thirty,"blue = 20, green = 50, purple = 40, yellow = 20",tensor([[0.0437]]),<m> purple = 30 </m>
2511,twenty purple block 's thirty,"blue = 20, green = 50, purple = 40, yellow = 30",tensor([[0.0474]]),<m> purple = 30 </m>
2512,twenty purple block 's thirty,"blue = 20, green = 50, purple = 40, yellow = 40",tensor([[0.0464]]),<m> purple = 30 </m>
2513,twenty purple block 's thirty,"blue = 20, green = 50, purple = 40, yellow = 50",tensor([[0.0392]]),<m> purple = 30 </m>
2514,twenty purple block 's thirty,"blue = 20, green = 50, purple = 50, yellow = 10",tensor([[0.0514]]),<m> purple = 30 </m>
2515,twenty purple block 's thirty,"blue = 20, green = 50, purple = 50, yellow = 20",tensor([[0.0508]]),<m> purple = 30 </m>
2516,twenty purple block 's thirty,"blue = 20, green = 50, purple = 50, yellow = 30",tensor([[0.0524]]),<m> purple = 30 </m>
2517,twenty purple block 's thirty,"blue = 20, green = 50, purple = 50, yellow = 40",tensor([[0.0465]]),<m> purple = 30 </m>
2518,twenty purple block 's thirty,"blue = 20, green = 50, purple = 50, yellow = 50",tensor([[0.0457]]),<m> purple = 30 </m>
2519,twenty purple block 's thirty,"blue = 30, green = 10, purple = 10, yellow = 10",tensor([[0.0537]]),<m> purple = 30 </m>
2520,twenty purple block 's thirty,"blue = 30, green = 10, purple = 10, yellow = 20",tensor([[0.0472]]),<m> purple = 30 </m>
2521,twenty purple block 's thirty,"blue = 30, green = 10, purple = 10, yellow = 30",tensor([[0.0474]]),<m> purple = 30 </m>
2522,twenty purple block 's thirty,"blue = 30, green = 10, purple = 10, yellow = 40",tensor([[0.0459]]),<m> purple = 30 </m>
2523,twenty purple block 's thirty,"blue = 30, green = 10, purple = 10, yellow = 50",tensor([[0.0405]]),<m> purple = 30 </m>
2524,twenty purple block 's thirty,"blue = 30, green = 10, purple = 20, yellow = 10",tensor([[0.0496]]),<m> purple = 30 </m>
2525,twenty purple block 's thirty,"blue = 30, green = 10, purple = 20, yellow = 20",tensor([[0.0441]]),<m> purple = 30 </m>
2526,twenty purple block 's thirty,"blue = 30, green = 10, purple = 20, yellow = 30",tensor([[0.0449]]),<m> purple = 30 </m>
2527,twenty purple block 's thirty,"blue = 30, green = 10, purple = 20, yellow = 40",tensor([[0.0456]]),<m> purple = 30 </m>
2528,twenty purple block 's thirty,"blue = 30, green = 10, purple = 20, yellow = 50",tensor([[0.0423]]),<m> purple = 30 </m>
2529,twenty purple block 's thirty,"blue = 30, green = 10, purple = 30, yellow = 10",tensor([[0.0565]]),<m> purple = 30 </m>
2530,twenty purple block 's thirty,"blue = 30, green = 10, purple = 30, yellow = 20",tensor([[0.0492]]),<m> purple = 30 </m>
2531,twenty purple block 's thirty,"blue = 30, green = 10, purple = 30, yellow = 30",tensor([[0.0451]]),<m> purple = 30 </m>
2532,twenty purple block 's thirty,"blue = 30, green = 10, purple = 30, yellow = 40",tensor([[0.0414]]),<m> purple = 30 </m>
2533,twenty purple block 's thirty,"blue = 30, green = 10, purple = 30, yellow = 50",tensor([[0.0491]]),<m> purple = 30 </m>
2534,twenty purple block 's thirty,"blue = 30, green = 10, purple = 40, yellow = 10",tensor([[0.0502]]),<m> purple = 30 </m>
2535,twenty purple block 's thirty,"blue = 30, green = 10, purple = 40, yellow = 20",tensor([[0.0468]]),<m> purple = 30 </m>
2536,twenty purple block 's thirty,"blue = 30, green = 10, purple = 40, yellow = 30",tensor([[0.0446]]),<m> purple = 30 </m>
2537,twenty purple block 's thirty,"blue = 30, green = 10, purple = 40, yellow = 40",tensor([[0.0492]]),<m> purple = 30 </m>
2538,twenty purple block 's thirty,"blue = 30, green = 10, purple = 40, yellow = 50",tensor([[0.0485]]),<m> purple = 30 </m>
2539,twenty purple block 's thirty,"blue = 30, green = 10, purple = 50, yellow = 10",tensor([[0.0459]]),<m> purple = 30 </m>
2540,twenty purple block 's thirty,"blue = 30, green = 10, purple = 50, yellow = 20",tensor([[0.0432]]),<m> purple = 30 </m>
2541,twenty purple block 's thirty,"blue = 30, green = 10, purple = 50, yellow = 30",tensor([[0.0483]]),<m> purple = 30 </m>
2542,twenty purple block 's thirty,"blue = 30, green = 10, purple = 50, yellow = 40",tensor([[0.0456]]),<m> purple = 30 </m>
2543,twenty purple block 's thirty,"blue = 30, green = 10, purple = 50, yellow = 50",tensor([[0.0402]]),<m> purple = 30 </m>
2544,twenty purple block 's thirty,"blue = 30, green = 20, purple = 10, yellow = 10",tensor([[0.0456]]),<m> purple = 30 </m>
2545,twenty purple block 's thirty,"blue = 30, green = 20, purple = 10, yellow = 20",tensor([[0.0425]]),<m> purple = 30 </m>
2546,twenty purple block 's thirty,"blue = 30, green = 20, purple = 10, yellow = 30",tensor([[0.0472]]),<m> purple = 30 </m>
2547,twenty purple block 's thirty,"blue = 30, green = 20, purple = 10, yellow = 40",tensor([[0.0413]]),<m> purple = 30 </m>
2548,twenty purple block 's thirty,"blue = 30, green = 20, purple = 10, yellow = 50",tensor([[0.0458]]),<m> purple = 30 </m>
2549,twenty purple block 's thirty,"blue = 30, green = 20, purple = 20, yellow = 10",tensor([[0.0506]]),<m> purple = 30 </m>
2550,twenty purple block 's thirty,"blue = 30, green = 20, purple = 20, yellow = 20",tensor([[0.0500]]),<m> purple = 30 </m>
2551,twenty purple block 's thirty,"blue = 30, green = 20, purple = 20, yellow = 30",tensor([[0.0493]]),<m> purple = 30 </m>
2552,twenty purple block 's thirty,"blue = 30, green = 20, purple = 20, yellow = 40",tensor([[0.0427]]),<m> purple = 30 </m>
2553,twenty purple block 's thirty,"blue = 30, green = 20, purple = 20, yellow = 50",tensor([[0.0396]]),<m> purple = 30 </m>
2554,twenty purple block 's thirty,"blue = 30, green = 20, purple = 30, yellow = 10",tensor([[0.0564]]),<m> purple = 30 </m>
2555,twenty purple block 's thirty,"blue = 30, green = 20, purple = 30, yellow = 20",tensor([[0.0504]]),<m> purple = 30 </m>
2556,twenty purple block 's thirty,"blue = 30, green = 20, purple = 30, yellow = 30",tensor([[0.0450]]),<m> purple = 30 </m>
2557,twenty purple block 's thirty,"blue = 30, green = 20, purple = 30, yellow = 40",tensor([[0.0529]]),<m> purple = 30 </m>
2558,twenty purple block 's thirty,"blue = 30, green = 20, purple = 30, yellow = 50",tensor([[0.0587]]),<m> purple = 30 </m>
2559,twenty purple block 's thirty,"blue = 30, green = 20, purple = 40, yellow = 10",tensor([[0.0529]]),<m> purple = 30 </m>
2560,twenty purple block 's thirty,"blue = 30, green = 20, purple = 40, yellow = 20",tensor([[0.0485]]),<m> purple = 30 </m>
2561,twenty purple block 's thirty,"blue = 30, green = 20, purple = 40, yellow = 30",tensor([[0.0437]]),<m> purple = 30 </m>
2562,twenty purple block 's thirty,"blue = 30, green = 20, purple = 40, yellow = 40",tensor([[0.0524]]),<m> purple = 30 </m>
2563,twenty purple block 's thirty,"blue = 30, green = 20, purple = 40, yellow = 50",tensor([[0.0523]]),<m> purple = 30 </m>
2564,twenty purple block 's thirty,"blue = 30, green = 20, purple = 50, yellow = 10",tensor([[0.0515]]),<m> purple = 30 </m>
2565,twenty purple block 's thirty,"blue = 30, green = 20, purple = 50, yellow = 20",tensor([[0.0412]]),<m> purple = 30 </m>
2566,twenty purple block 's thirty,"blue = 30, green = 20, purple = 50, yellow = 30",tensor([[0.0443]]),<m> purple = 30 </m>
2567,twenty purple block 's thirty,"blue = 30, green = 20, purple = 50, yellow = 40",tensor([[0.0487]]),<m> purple = 30 </m>
2568,twenty purple block 's thirty,"blue = 30, green = 20, purple = 50, yellow = 50",tensor([[0.0432]]),<m> purple = 30 </m>
2569,twenty purple block 's thirty,"blue = 30, green = 30, purple = 10, yellow = 10",tensor([[0.0504]]),<m> purple = 30 </m>
2570,twenty purple block 's thirty,"blue = 30, green = 30, purple = 10, yellow = 20",tensor([[0.0484]]),<m> purple = 30 </m>
2571,twenty purple block 's thirty,"blue = 30, green = 30, purple = 10, yellow = 30",tensor([[0.0546]]),<m> purple = 30 </m>
2572,twenty purple block 's thirty,"blue = 30, green = 30, purple = 10, yellow = 40",tensor([[0.0497]]),<m> purple = 30 </m>
2573,twenty purple block 's thirty,"blue = 30, green = 30, purple = 10, yellow = 50",tensor([[0.0506]]),<m> purple = 30 </m>
2574,twenty purple block 's thirty,"blue = 30, green = 30, purple = 20, yellow = 10",tensor([[0.0499]]),<m> purple = 30 </m>
2575,twenty purple block 's thirty,"blue = 30, green = 30, purple = 20, yellow = 20",tensor([[0.0523]]),<m> purple = 30 </m>
2576,twenty purple block 's thirty,"blue = 30, green = 30, purple = 20, yellow = 30",tensor([[0.0457]]),<m> purple = 30 </m>
2577,twenty purple block 's thirty,"blue = 30, green = 30, purple = 20, yellow = 40",tensor([[0.0438]]),<m> purple = 30 </m>
2578,twenty purple block 's thirty,"blue = 30, green = 30, purple = 20, yellow = 50",tensor([[0.0547]]),<m> purple = 30 </m>
2579,twenty purple block 's thirty,"blue = 30, green = 30, purple = 30, yellow = 10",tensor([[0.0564]]),<m> purple = 30 </m>
2580,twenty purple block 's thirty,"blue = 30, green = 30, purple = 30, yellow = 20",tensor([[0.0470]]),<m> purple = 30 </m>
2581,twenty purple block 's thirty,"blue = 30, green = 30, purple = 30, yellow = 30",tensor([[0.0471]]),<m> purple = 30 </m>
2582,twenty purple block 's thirty,"blue = 30, green = 30, purple = 30, yellow = 40",tensor([[0.0598]]),<m> purple = 30 </m>
2583,twenty purple block 's thirty,"blue = 30, green = 30, purple = 30, yellow = 50",tensor([[0.0526]]),<m> purple = 30 </m>
2584,twenty purple block 's thirty,"blue = 30, green = 30, purple = 40, yellow = 10",tensor([[0.0572]]),<m> purple = 30 </m>
2585,twenty purple block 's thirty,"blue = 30, green = 30, purple = 40, yellow = 20",tensor([[0.0437]]),<m> purple = 30 </m>
2586,twenty purple block 's thirty,"blue = 30, green = 30, purple = 40, yellow = 30",tensor([[0.0546]]),<m> purple = 30 </m>
2587,twenty purple block 's thirty,"blue = 30, green = 30, purple = 40, yellow = 40",tensor([[0.0513]]),<m> purple = 30 </m>
2588,twenty purple block 's thirty,"blue = 30, green = 30, purple = 40, yellow = 50",tensor([[0.0520]]),<m> purple = 30 </m>
2589,twenty purple block 's thirty,"blue = 30, green = 30, purple = 50, yellow = 10",tensor([[0.0501]]),<m> purple = 30 </m>
2590,twenty purple block 's thirty,"blue = 30, green = 30, purple = 50, yellow = 20",tensor([[0.0518]]),<m> purple = 30 </m>
2591,twenty purple block 's thirty,"blue = 30, green = 30, purple = 50, yellow = 30",tensor([[0.0463]]),<m> purple = 30 </m>
2592,twenty purple block 's thirty,"blue = 30, green = 30, purple = 50, yellow = 40",tensor([[0.0507]]),<m> purple = 30 </m>
2593,twenty purple block 's thirty,"blue = 30, green = 30, purple = 50, yellow = 50",tensor([[0.0483]]),<m> purple = 30 </m>
2594,twenty purple block 's thirty,"blue = 30, green = 40, purple = 10, yellow = 10",tensor([[0.0483]]),<m> purple = 30 </m>
2595,twenty purple block 's thirty,"blue = 30, green = 40, purple = 10, yellow = 20",tensor([[0.0541]]),<m> purple = 30 </m>
2596,twenty purple block 's thirty,"blue = 30, green = 40, purple = 10, yellow = 30",tensor([[0.0538]]),<m> purple = 30 </m>
2597,twenty purple block 's thirty,"blue = 30, green = 40, purple = 10, yellow = 40",tensor([[0.0502]]),<m> purple = 30 </m>
2598,twenty purple block 's thirty,"blue = 30, green = 40, purple = 10, yellow = 50",tensor([[0.0508]]),<m> purple = 30 </m>
2599,twenty purple block 's thirty,"blue = 30, green = 40, purple = 20, yellow = 10",tensor([[0.0530]]),<m> purple = 30 </m>
2600,twenty purple block 's thirty,"blue = 30, green = 40, purple = 20, yellow = 20",tensor([[0.0471]]),<m> purple = 30 </m>
2601,twenty purple block 's thirty,"blue = 30, green = 40, purple = 20, yellow = 30",tensor([[0.0549]]),<m> purple = 30 </m>
2602,twenty purple block 's thirty,"blue = 30, green = 40, purple = 20, yellow = 40",tensor([[0.0469]]),<m> purple = 30 </m>
2603,twenty purple block 's thirty,"blue = 30, green = 40, purple = 20, yellow = 50",tensor([[0.0453]]),<m> purple = 30 </m>
2604,twenty purple block 's thirty,"blue = 30, green = 40, purple = 30, yellow = 10",tensor([[0.0572]]),<m> purple = 30 </m>
2605,twenty purple block 's thirty,"blue = 30, green = 40, purple = 30, yellow = 20",tensor([[0.0498]]),<m> purple = 30 </m>
2606,twenty purple block 's thirty,"blue = 30, green = 40, purple = 30, yellow = 30",tensor([[0.0490]]),<m> purple = 30 </m>
2607,twenty purple block 's thirty,"blue = 30, green = 40, purple = 30, yellow = 40",tensor([[0.0613]]),<m> purple = 30 </m>
2608,twenty purple block 's thirty,"blue = 30, green = 40, purple = 30, yellow = 50",tensor([[0.0579]]),<m> purple = 30 </m>
2609,twenty purple block 's thirty,"blue = 30, green = 40, purple = 40, yellow = 10",tensor([[0.0517]]),<m> purple = 30 </m>
2610,twenty purple block 's thirty,"blue = 30, green = 40, purple = 40, yellow = 20",tensor([[0.0517]]),<m> purple = 30 </m>
2611,twenty purple block 's thirty,"blue = 30, green = 40, purple = 40, yellow = 30",tensor([[0.0522]]),<m> purple = 30 </m>
2612,twenty purple block 's thirty,"blue = 30, green = 40, purple = 40, yellow = 40",tensor([[0.0509]]),<m> purple = 30 </m>
2613,twenty purple block 's thirty,"blue = 30, green = 40, purple = 40, yellow = 50",tensor([[0.0489]]),<m> purple = 30 </m>
2614,twenty purple block 's thirty,"blue = 30, green = 40, purple = 50, yellow = 10",tensor([[0.0542]]),<m> purple = 30 </m>
2615,twenty purple block 's thirty,"blue = 30, green = 40, purple = 50, yellow = 20",tensor([[0.0447]]),<m> purple = 30 </m>
2616,twenty purple block 's thirty,"blue = 30, green = 40, purple = 50, yellow = 30",tensor([[0.0508]]),<m> purple = 30 </m>
2617,twenty purple block 's thirty,"blue = 30, green = 40, purple = 50, yellow = 40",tensor([[0.0540]]),<m> purple = 30 </m>
2618,twenty purple block 's thirty,"blue = 30, green = 40, purple = 50, yellow = 50",tensor([[0.0460]]),<m> purple = 30 </m>
2619,twenty purple block 's thirty,"blue = 30, green = 50, purple = 10, yellow = 10",tensor([[0.0537]]),<m> purple = 30 </m>
2620,twenty purple block 's thirty,"blue = 30, green = 50, purple = 10, yellow = 20",tensor([[0.0489]]),<m> purple = 30 </m>
2621,twenty purple block 's thirty,"blue = 30, green = 50, purple = 10, yellow = 30",tensor([[0.0519]]),<m> purple = 30 </m>
2622,twenty purple block 's thirty,"blue = 30, green = 50, purple = 10, yellow = 40",tensor([[0.0513]]),<m> purple = 30 </m>
2623,twenty purple block 's thirty,"blue = 30, green = 50, purple = 10, yellow = 50",tensor([[0.0487]]),<m> purple = 30 </m>
2624,twenty purple block 's thirty,"blue = 30, green = 50, purple = 20, yellow = 10",tensor([[0.0536]]),<m> purple = 30 </m>
2625,twenty purple block 's thirty,"blue = 30, green = 50, purple = 20, yellow = 20",tensor([[0.0533]]),<m> purple = 30 </m>
2626,twenty purple block 's thirty,"blue = 30, green = 50, purple = 20, yellow = 30",tensor([[0.0528]]),<m> purple = 30 </m>
2627,twenty purple block 's thirty,"blue = 30, green = 50, purple = 20, yellow = 40",tensor([[0.0504]]),<m> purple = 30 </m>
2628,twenty purple block 's thirty,"blue = 30, green = 50, purple = 20, yellow = 50",tensor([[0.0427]]),<m> purple = 30 </m>
2629,twenty purple block 's thirty,"blue = 30, green = 50, purple = 30, yellow = 10",tensor([[0.0531]]),<m> purple = 30 </m>
2630,twenty purple block 's thirty,"blue = 30, green = 50, purple = 30, yellow = 20",tensor([[0.0474]]),<m> purple = 30 </m>
2631,twenty purple block 's thirty,"blue = 30, green = 50, purple = 30, yellow = 30",tensor([[0.0535]]),<m> purple = 30 </m>
2632,twenty purple block 's thirty,"blue = 30, green = 50, purple = 30, yellow = 40",tensor([[0.0512]]),<m> purple = 30 </m>
2633,twenty purple block 's thirty,"blue = 30, green = 50, purple = 30, yellow = 50",tensor([[0.0573]]),<m> purple = 30 </m>
2634,twenty purple block 's thirty,"blue = 30, green = 50, purple = 40, yellow = 10",tensor([[0.0477]]),<m> purple = 30 </m>
2635,twenty purple block 's thirty,"blue = 30, green = 50, purple = 40, yellow = 20",tensor([[0.0482]]),<m> purple = 30 </m>
2636,twenty purple block 's thirty,"blue = 30, green = 50, purple = 40, yellow = 30",tensor([[0.0516]]),<m> purple = 30 </m>
2637,twenty purple block 's thirty,"blue = 30, green = 50, purple = 40, yellow = 40",tensor([[0.0547]]),<m> purple = 30 </m>
2638,twenty purple block 's thirty,"blue = 30, green = 50, purple = 40, yellow = 50",tensor([[0.0553]]),<m> purple = 30 </m>
2639,twenty purple block 's thirty,"blue = 30, green = 50, purple = 50, yellow = 10",tensor([[0.0592]]),<m> purple = 30 </m>
2640,twenty purple block 's thirty,"blue = 30, green = 50, purple = 50, yellow = 20",tensor([[0.0453]]),<m> purple = 30 </m>
2641,twenty purple block 's thirty,"blue = 30, green = 50, purple = 50, yellow = 30",tensor([[0.0440]]),<m> purple = 30 </m>
2642,twenty purple block 's thirty,"blue = 30, green = 50, purple = 50, yellow = 40",tensor([[0.0570]]),<m> purple = 30 </m>
2643,twenty purple block 's thirty,"blue = 30, green = 50, purple = 50, yellow = 50",tensor([[0.0603]]),<m> purple = 30 </m>
2644,twenty purple block 's thirty,"blue = 40, green = 10, purple = 10, yellow = 20",tensor([[0.0450]]),<m> purple = 30 </m>
2645,twenty purple block 's thirty,"blue = 40, green = 10, purple = 10, yellow = 30",tensor([[0.0518]]),<m> purple = 30 </m>
2646,twenty purple block 's thirty,"blue = 40, green = 10, purple = 20, yellow = 10",tensor([[0.0489]]),<m> purple = 30 </m>
2647,twenty purple block 's thirty,"blue = 40, green = 10, purple = 20, yellow = 20",tensor([[0.0468]]),<m> purple = 30 </m>
2648,twenty purple block 's thirty,"blue = 40, green = 10, purple = 20, yellow = 30",tensor([[0.0407]]),<m> purple = 30 </m>
2649,twenty purple block 's thirty,"blue = 40, green = 10, purple = 20, yellow = 40",tensor([[0.0453]]),<m> purple = 30 </m>
2650,twenty purple block 's thirty,"blue = 40, green = 10, purple = 20, yellow = 50",tensor([[0.0427]]),<m> purple = 30 </m>
2651,twenty purple block 's thirty,"blue = 40, green = 10, purple = 30, yellow = 10",tensor([[0.0595]]),<m> purple = 30 </m>
2652,twenty purple block 's thirty,"blue = 40, green = 10, purple = 30, yellow = 20",tensor([[0.0396]]),<m> purple = 30 </m>
2653,twenty purple block 's thirty,"blue = 40, green = 10, purple = 30, yellow = 30",tensor([[0.0441]]),<m> purple = 30 </m>
2654,twenty purple block 's thirty,"blue = 40, green = 10, purple = 30, yellow = 40",tensor([[0.0561]]),<m> purple = 30 </m>
2655,twenty purple block 's thirty,"blue = 40, green = 10, purple = 30, yellow = 50",tensor([[0.0453]]),<m> purple = 30 </m>
2656,twenty purple block 's thirty,"blue = 40, green = 10, purple = 40, yellow = 20",tensor([[0.0444]]),<m> purple = 30 </m>
2657,twenty purple block 's thirty,"blue = 40, green = 10, purple = 40, yellow = 30",tensor([[0.0467]]),<m> purple = 30 </m>
2658,twenty purple block 's thirty,"blue = 40, green = 10, purple = 50, yellow = 20",tensor([[0.0447]]),<m> purple = 30 </m>
2659,twenty purple block 's thirty,"blue = 40, green = 10, purple = 50, yellow = 30",tensor([[0.0453]]),<m> purple = 30 </m>
2660,twenty purple block 's thirty,"blue = 40, green = 20, purple = 10, yellow = 10",tensor([[0.0379]]),<m> purple = 30 </m>
2661,twenty purple block 's thirty,"blue = 40, green = 20, purple = 10, yellow = 20",tensor([[0.0430]]),<m> purple = 30 </m>
2662,twenty purple block 's thirty,"blue = 40, green = 20, purple = 10, yellow = 30",tensor([[0.0403]]),<m> purple = 30 </m>
2663,twenty purple block 's thirty,"blue = 40, green = 20, purple = 10, yellow = 40",tensor([[0.0413]]),<m> purple = 30 </m>
2664,twenty purple block 's thirty,"blue = 40, green = 20, purple = 10, yellow = 50",tensor([[0.0504]]),<m> purple = 30 </m>
2665,twenty purple block 's thirty,"blue = 40, green = 20, purple = 20, yellow = 10",tensor([[0.0516]]),<m> purple = 30 </m>
2666,twenty purple block 's thirty,"blue = 40, green = 20, purple = 20, yellow = 20",tensor([[0.0446]]),<m> purple = 30 </m>
2667,twenty purple block 's thirty,"blue = 40, green = 20, purple = 20, yellow = 30",tensor([[0.0477]]),<m> purple = 30 </m>
2668,twenty purple block 's thirty,"blue = 40, green = 20, purple = 20, yellow = 40",tensor([[0.0496]]),<m> purple = 30 </m>
2669,twenty purple block 's thirty,"blue = 40, green = 20, purple = 20, yellow = 50",tensor([[0.0425]]),<m> purple = 30 </m>
2670,twenty purple block 's thirty,"blue = 40, green = 20, purple = 30, yellow = 10",tensor([[0.0595]]),<m> purple = 30 </m>
2671,twenty purple block 's thirty,"blue = 40, green = 20, purple = 30, yellow = 20",tensor([[0.0510]]),<m> purple = 30 </m>
2672,twenty purple block 's thirty,"blue = 40, green = 20, purple = 30, yellow = 30",tensor([[0.0508]]),<m> purple = 30 </m>
2673,twenty purple block 's thirty,"blue = 40, green = 20, purple = 30, yellow = 40",tensor([[0.0518]]),<m> purple = 30 </m>
2674,twenty purple block 's thirty,"blue = 40, green = 20, purple = 30, yellow = 50",tensor([[0.0518]]),<m> purple = 30 </m>
2675,twenty purple block 's thirty,"blue = 40, green = 20, purple = 40, yellow = 10",tensor([[0.0571]]),<m> purple = 30 </m>
2676,twenty purple block 's thirty,"blue = 40, green = 20, purple = 40, yellow = 20",tensor([[0.0401]]),<m> purple = 30 </m>
2677,twenty purple block 's thirty,"blue = 40, green = 20, purple = 40, yellow = 30",tensor([[0.0488]]),<m> purple = 30 </m>
2678,twenty purple block 's thirty,"blue = 40, green = 20, purple = 40, yellow = 40",tensor([[0.0423]]),<m> purple = 30 </m>
2679,twenty purple block 's thirty,"blue = 40, green = 20, purple = 40, yellow = 50",tensor([[0.0512]]),<m> purple = 30 </m>
2680,twenty purple block 's thirty,"blue = 40, green = 20, purple = 50, yellow = 10",tensor([[0.0518]]),<m> purple = 30 </m>
2681,twenty purple block 's thirty,"blue = 40, green = 20, purple = 50, yellow = 20",tensor([[0.0444]]),<m> purple = 30 </m>
2682,twenty purple block 's thirty,"blue = 40, green = 20, purple = 50, yellow = 30",tensor([[0.0442]]),<m> purple = 30 </m>
2683,twenty purple block 's thirty,"blue = 40, green = 20, purple = 50, yellow = 40",tensor([[0.0516]]),<m> purple = 30 </m>
2684,twenty purple block 's thirty,"blue = 40, green = 20, purple = 50, yellow = 50",tensor([[0.0465]]),<m> purple = 30 </m>
2685,twenty purple block 's thirty,"blue = 40, green = 30, purple = 10, yellow = 10",tensor([[0.0545]]),<m> purple = 30 </m>
2686,twenty purple block 's thirty,"blue = 40, green = 30, purple = 10, yellow = 20",tensor([[0.0491]]),<m> purple = 30 </m>
2687,twenty purple block 's thirty,"blue = 40, green = 30, purple = 10, yellow = 30",tensor([[0.0460]]),<m> purple = 30 </m>
2688,twenty purple block 's thirty,"blue = 40, green = 30, purple = 10, yellow = 40",tensor([[0.0593]]),<m> purple = 30 </m>
2689,twenty purple block 's thirty,"blue = 40, green = 30, purple = 10, yellow = 50",tensor([[0.0517]]),<m> purple = 30 </m>
2690,twenty purple block 's thirty,"blue = 40, green = 30, purple = 20, yellow = 10",tensor([[0.0561]]),<m> purple = 30 </m>
2691,twenty purple block 's thirty,"blue = 40, green = 30, purple = 20, yellow = 20",tensor([[0.0521]]),<m> purple = 30 </m>
2692,twenty purple block 's thirty,"blue = 40, green = 30, purple = 20, yellow = 30",tensor([[0.0407]]),<m> purple = 30 </m>
2693,twenty purple block 's thirty,"blue = 40, green = 30, purple = 20, yellow = 40",tensor([[0.0570]]),<m> purple = 30 </m>
2694,twenty purple block 's thirty,"blue = 40, green = 30, purple = 20, yellow = 50",tensor([[0.0528]]),<m> purple = 30 </m>
2695,twenty purple block 's thirty,"blue = 40, green = 30, purple = 30, yellow = 10",tensor([[0.0476]]),<m> purple = 30 </m>
2696,twenty purple block 's thirty,"blue = 40, green = 30, purple = 30, yellow = 20",tensor([[0.0469]]),<m> purple = 30 </m>
2697,twenty purple block 's thirty,"blue = 40, green = 30, purple = 30, yellow = 30",tensor([[0.0506]]),<m> purple = 30 </m>
2698,twenty purple block 's thirty,"blue = 40, green = 30, purple = 30, yellow = 40",tensor([[0.0527]]),<m> purple = 30 </m>
2699,twenty purple block 's thirty,"blue = 40, green = 30, purple = 30, yellow = 50",tensor([[0.0572]]),<m> purple = 30 </m>
2700,twenty purple block 's thirty,"blue = 40, green = 30, purple = 40, yellow = 10",tensor([[0.0642]]),<m> purple = 30 </m>
2701,twenty purple block 's thirty,"blue = 40, green = 30, purple = 40, yellow = 20",tensor([[0.0580]]),<m> purple = 30 </m>
2702,twenty purple block 's thirty,"blue = 40, green = 30, purple = 40, yellow = 30",tensor([[0.0583]]),<m> purple = 30 </m>
2703,twenty purple block 's thirty,"blue = 40, green = 30, purple = 40, yellow = 40",tensor([[0.0587]]),<m> purple = 30 </m>
2704,twenty purple block 's thirty,"blue = 40, green = 30, purple = 40, yellow = 50",tensor([[0.0543]]),<m> purple = 30 </m>
2705,twenty purple block 's thirty,"blue = 40, green = 30, purple = 50, yellow = 10",tensor([[0.0643]]),<m> purple = 30 </m>
2706,twenty purple block 's thirty,"blue = 40, green = 30, purple = 50, yellow = 20",tensor([[0.0596]]),<m> purple = 30 </m>
2707,twenty purple block 's thirty,"blue = 40, green = 30, purple = 50, yellow = 30",tensor([[0.0522]]),<m> purple = 30 </m>
2708,twenty purple block 's thirty,"blue = 40, green = 30, purple = 50, yellow = 40",tensor([[0.0604]]),<m> purple = 30 </m>
2709,twenty purple block 's thirty,"blue = 40, green = 30, purple = 50, yellow = 50",tensor([[0.0583]]),<m> purple = 30 </m>
2710,twenty purple block 's thirty,"blue = 40, green = 40, purple = 10, yellow = 20",tensor([[0.0435]]),<m> purple = 30 </m>
2711,twenty purple block 's thirty,"blue = 40, green = 40, purple = 10, yellow = 30",tensor([[0.0519]]),<m> purple = 30 </m>
2712,twenty purple block 's thirty,"blue = 40, green = 40, purple = 20, yellow = 10",tensor([[0.0530]]),<m> purple = 30 </m>
2713,twenty purple block 's thirty,"blue = 40, green = 40, purple = 20, yellow = 20",tensor([[0.0454]]),<m> purple = 30 </m>
2714,twenty purple block 's thirty,"blue = 40, green = 40, purple = 20, yellow = 30",tensor([[0.0534]]),<m> purple = 30 </m>
2715,twenty purple block 's thirty,"blue = 40, green = 40, purple = 20, yellow = 40",tensor([[0.0427]]),<m> purple = 30 </m>
2716,twenty purple block 's thirty,"blue = 40, green = 40, purple = 20, yellow = 50",tensor([[0.0516]]),<m> purple = 30 </m>
2717,twenty purple block 's thirty,"blue = 40, green = 40, purple = 30, yellow = 10",tensor([[0.0540]]),<m> purple = 30 </m>
2718,twenty purple block 's thirty,"blue = 40, green = 40, purple = 30, yellow = 20",tensor([[0.0507]]),<m> purple = 30 </m>
2719,twenty purple block 's thirty,"blue = 40, green = 40, purple = 30, yellow = 30",tensor([[0.0518]]),<m> purple = 30 </m>
2720,twenty purple block 's thirty,"blue = 40, green = 40, purple = 30, yellow = 40",tensor([[0.0514]]),<m> purple = 30 </m>
2721,twenty purple block 's thirty,"blue = 40, green = 40, purple = 30, yellow = 50",tensor([[0.0511]]),<m> purple = 30 </m>
2722,twenty purple block 's thirty,"blue = 40, green = 40, purple = 40, yellow = 20",tensor([[0.0521]]),<m> purple = 30 </m>
2723,twenty purple block 's thirty,"blue = 40, green = 40, purple = 40, yellow = 30",tensor([[0.0471]]),<m> purple = 30 </m>
2724,twenty purple block 's thirty,"blue = 40, green = 40, purple = 50, yellow = 20",tensor([[0.0514]]),<m> purple = 30 </m>
2725,twenty purple block 's thirty,"blue = 40, green = 40, purple = 50, yellow = 30",tensor([[0.0489]]),<m> purple = 30 </m>
2726,twenty purple block 's thirty,"blue = 40, green = 50, purple = 10, yellow = 20",tensor([[0.0424]]),<m> purple = 30 </m>
2727,twenty purple block 's thirty,"blue = 40, green = 50, purple = 10, yellow = 30",tensor([[0.0422]]),<m> purple = 30 </m>
2728,twenty purple block 's thirty,"blue = 40, green = 50, purple = 20, yellow = 10",tensor([[0.0464]]),<m> purple = 30 </m>
2729,twenty purple block 's thirty,"blue = 40, green = 50, purple = 20, yellow = 20",tensor([[0.0442]]),<m> purple = 30 </m>
2730,twenty purple block 's thirty,"blue = 40, green = 50, purple = 20, yellow = 30",tensor([[0.0462]]),<m> purple = 30 </m>
2731,twenty purple block 's thirty,"blue = 40, green = 50, purple = 20, yellow = 40",tensor([[0.0441]]),<m> purple = 30 </m>
2732,twenty purple block 's thirty,"blue = 40, green = 50, purple = 20, yellow = 50",tensor([[0.0476]]),<m> purple = 30 </m>
2733,twenty purple block 's thirty,"blue = 40, green = 50, purple = 30, yellow = 10",tensor([[0.0583]]),<m> purple = 30 </m>
2734,twenty purple block 's thirty,"blue = 40, green = 50, purple = 30, yellow = 20",tensor([[0.0442]]),<m> purple = 30 </m>
2735,twenty purple block 's thirty,"blue = 40, green = 50, purple = 30, yellow = 30",tensor([[0.0474]]),<m> purple = 30 </m>
2736,twenty purple block 's thirty,"blue = 40, green = 50, purple = 30, yellow = 40",tensor([[0.0572]]),<m> purple = 30 </m>
2737,twenty purple block 's thirty,"blue = 40, green = 50, purple = 30, yellow = 50",tensor([[0.0552]]),<m> purple = 30 </m>
2738,twenty purple block 's thirty,"blue = 40, green = 50, purple = 40, yellow = 20",tensor([[0.0424]]),<m> purple = 30 </m>
2739,twenty purple block 's thirty,"blue = 40, green = 50, purple = 40, yellow = 30",tensor([[0.0462]]),<m> purple = 30 </m>
2740,twenty purple block 's thirty,"blue = 40, green = 50, purple = 50, yellow = 20",tensor([[0.0482]]),<m> purple = 30 </m>
2741,twenty purple block 's thirty,"blue = 40, green = 50, purple = 50, yellow = 30",tensor([[0.0521]]),<m> purple = 30 </m>
2742,twenty purple block 's thirty,"blue = 50, green = 10, purple = 10, yellow = 20",tensor([[0.0517]]),<m> purple = 30 </m>
2743,twenty purple block 's thirty,"blue = 50, green = 10, purple = 10, yellow = 30",tensor([[0.0522]]),<m> purple = 30 </m>
2744,twenty purple block 's thirty,"blue = 50, green = 10, purple = 20, yellow = 10",tensor([[0.0498]]),<m> purple = 30 </m>
2745,twenty purple block 's thirty,"blue = 50, green = 10, purple = 20, yellow = 20",tensor([[0.0446]]),<m> purple = 30 </m>
2746,twenty purple block 's thirty,"blue = 50, green = 10, purple = 20, yellow = 30",tensor([[0.0500]]),<m> purple = 30 </m>
2747,twenty purple block 's thirty,"blue = 50, green = 10, purple = 20, yellow = 40",tensor([[0.0409]]),<m> purple = 30 </m>
2748,twenty purple block 's thirty,"blue = 50, green = 10, purple = 20, yellow = 50",tensor([[0.0394]]),<m> purple = 30 </m>
2749,twenty purple block 's thirty,"blue = 50, green = 10, purple = 30, yellow = 10",tensor([[0.0591]]),<m> purple = 30 </m>
2750,twenty purple block 's thirty,"blue = 50, green = 10, purple = 30, yellow = 20",tensor([[0.0391]]),<m> purple = 30 </m>
2751,twenty purple block 's thirty,"blue = 50, green = 10, purple = 30, yellow = 30",tensor([[0.0469]]),<m> purple = 30 </m>
2752,twenty purple block 's thirty,"blue = 50, green = 10, purple = 30, yellow = 40",tensor([[0.0476]]),<m> purple = 30 </m>
2753,twenty purple block 's thirty,"blue = 50, green = 10, purple = 30, yellow = 50",tensor([[0.0476]]),<m> purple = 30 </m>
2754,twenty purple block 's thirty,"blue = 50, green = 10, purple = 40, yellow = 20",tensor([[0.0437]]),<m> purple = 30 </m>
2755,twenty purple block 's thirty,"blue = 50, green = 10, purple = 40, yellow = 30",tensor([[0.0460]]),<m> purple = 30 </m>
2756,twenty purple block 's thirty,"blue = 50, green = 10, purple = 50, yellow = 20",tensor([[0.0486]]),<m> purple = 30 </m>
2757,twenty purple block 's thirty,"blue = 50, green = 10, purple = 50, yellow = 30",tensor([[0.0522]]),<m> purple = 30 </m>
2758,twenty purple block 's thirty,"blue = 50, green = 20, purple = 10, yellow = 10",tensor([[0.0442]]),<m> purple = 30 </m>
2759,twenty purple block 's thirty,"blue = 50, green = 20, purple = 10, yellow = 20",tensor([[0.0415]]),<m> purple = 30 </m>
2760,twenty purple block 's thirty,"blue = 50, green = 20, purple = 10, yellow = 30",tensor([[0.0468]]),<m> purple = 30 </m>
2761,twenty purple block 's thirty,"blue = 50, green = 20, purple = 10, yellow = 40",tensor([[0.0456]]),<m> purple = 30 </m>
2762,twenty purple block 's thirty,"blue = 50, green = 20, purple = 10, yellow = 50",tensor([[0.0433]]),<m> purple = 30 </m>
2763,twenty purple block 's thirty,"blue = 50, green = 20, purple = 20, yellow = 10",tensor([[0.0504]]),<m> purple = 30 </m>
2764,twenty purple block 's thirty,"blue = 50, green = 20, purple = 20, yellow = 20",tensor([[0.0485]]),<m> purple = 30 </m>
2765,twenty purple block 's thirty,"blue = 50, green = 20, purple = 20, yellow = 30",tensor([[0.0478]]),<m> purple = 30 </m>
2766,twenty purple block 's thirty,"blue = 50, green = 20, purple = 20, yellow = 40",tensor([[0.0419]]),<m> purple = 30 </m>
2767,twenty purple block 's thirty,"blue = 50, green = 20, purple = 20, yellow = 50",tensor([[0.0414]]),<m> purple = 30 </m>
2768,twenty purple block 's thirty,"blue = 50, green = 20, purple = 30, yellow = 10",tensor([[0.0591]]),<m> purple = 30 </m>
2769,twenty purple block 's thirty,"blue = 50, green = 20, purple = 30, yellow = 20",tensor([[0.0499]]),<m> purple = 30 </m>
2770,twenty purple block 's thirty,"blue = 50, green = 20, purple = 30, yellow = 30",tensor([[0.0509]]),<m> purple = 30 </m>
2771,twenty purple block 's thirty,"blue = 50, green = 20, purple = 30, yellow = 40",tensor([[0.0514]]),<m> purple = 30 </m>
2772,twenty purple block 's thirty,"blue = 50, green = 20, purple = 30, yellow = 50",tensor([[0.0523]]),<m> purple = 30 </m>
2773,twenty purple block 's thirty,"blue = 50, green = 20, purple = 40, yellow = 10",tensor([[0.0535]]),<m> purple = 30 </m>
2774,twenty purple block 's thirty,"blue = 50, green = 20, purple = 40, yellow = 20",tensor([[0.0411]]),<m> purple = 30 </m>
2775,twenty purple block 's thirty,"blue = 50, green = 20, purple = 40, yellow = 30",tensor([[0.0514]]),<m> purple = 30 </m>
2776,twenty purple block 's thirty,"blue = 50, green = 20, purple = 40, yellow = 40",tensor([[0.0428]]),<m> purple = 30 </m>
2777,twenty purple block 's thirty,"blue = 50, green = 20, purple = 40, yellow = 50",tensor([[0.0395]]),<m> purple = 30 </m>
2778,twenty purple block 's thirty,"blue = 50, green = 20, purple = 50, yellow = 10",tensor([[0.0448]]),<m> purple = 30 </m>
2779,twenty purple block 's thirty,"blue = 50, green = 20, purple = 50, yellow = 20",tensor([[0.0456]]),<m> purple = 30 </m>
2780,twenty purple block 's thirty,"blue = 50, green = 20, purple = 50, yellow = 30",tensor([[0.0468]]),<m> purple = 30 </m>
2781,twenty purple block 's thirty,"blue = 50, green = 20, purple = 50, yellow = 40",tensor([[0.0436]]),<m> purple = 30 </m>
2782,twenty purple block 's thirty,"blue = 50, green = 20, purple = 50, yellow = 50",tensor([[0.0481]]),<m> purple = 30 </m>
2783,twenty purple block 's thirty,"blue = 50, green = 30, purple = 10, yellow = 10",tensor([[0.0529]]),<m> purple = 30 </m>
2784,twenty purple block 's thirty,"blue = 50, green = 30, purple = 10, yellow = 20",tensor([[0.0501]]),<m> purple = 30 </m>
2785,twenty purple block 's thirty,"blue = 50, green = 30, purple = 10, yellow = 30",tensor([[0.0464]]),<m> purple = 30 </m>
2786,twenty purple block 's thirty,"blue = 50, green = 30, purple = 10, yellow = 40",tensor([[0.0425]]),<m> purple = 30 </m>
2787,twenty purple block 's thirty,"blue = 50, green = 30, purple = 10, yellow = 50",tensor([[0.0455]]),<m> purple = 30 </m>
2788,twenty purple block 's thirty,"blue = 50, green = 30, purple = 20, yellow = 10",tensor([[0.0504]]),<m> purple = 30 </m>
2789,twenty purple block 's thirty,"blue = 50, green = 30, purple = 20, yellow = 20",tensor([[0.0502]]),<m> purple = 30 </m>
2790,twenty purple block 's thirty,"blue = 50, green = 30, purple = 20, yellow = 30",tensor([[0.0409]]),<m> purple = 30 </m>
2791,twenty purple block 's thirty,"blue = 50, green = 30, purple = 20, yellow = 40",tensor([[0.0585]]),<m> purple = 30 </m>
2792,twenty purple block 's thirty,"blue = 50, green = 30, purple = 20, yellow = 50",tensor([[0.0447]]),<m> purple = 30 </m>
2793,twenty purple block 's thirty,"blue = 50, green = 30, purple = 30, yellow = 10",tensor([[0.0574]]),<m> purple = 30 </m>
2794,twenty purple block 's thirty,"blue = 50, green = 30, purple = 30, yellow = 20",tensor([[0.0508]]),<m> purple = 30 </m>
2795,twenty purple block 's thirty,"blue = 50, green = 30, purple = 30, yellow = 30",tensor([[0.0476]]),<m> purple = 30 </m>
2796,twenty purple block 's thirty,"blue = 50, green = 30, purple = 30, yellow = 40",tensor([[0.0569]]),<m> purple = 30 </m>
2797,twenty purple block 's thirty,"blue = 50, green = 30, purple = 30, yellow = 50",tensor([[0.0531]]),<m> purple = 30 </m>
2798,twenty purple block 's thirty,"blue = 50, green = 30, purple = 40, yellow = 10",tensor([[0.0612]]),<m> purple = 30 </m>
2799,twenty purple block 's thirty,"blue = 50, green = 30, purple = 40, yellow = 20",tensor([[0.0529]]),<m> purple = 30 </m>
2800,twenty purple block 's thirty,"blue = 50, green = 30, purple = 40, yellow = 30",tensor([[0.0528]]),<m> purple = 30 </m>
2801,twenty purple block 's thirty,"blue = 50, green = 30, purple = 40, yellow = 40",tensor([[0.0549]]),<m> purple = 30 </m>
2802,twenty purple block 's thirty,"blue = 50, green = 30, purple = 40, yellow = 50",tensor([[0.0552]]),<m> purple = 30 </m>
2803,twenty purple block 's thirty,"blue = 50, green = 30, purple = 50, yellow = 10",tensor([[0.0540]]),<m> purple = 30 </m>
2804,twenty purple block 's thirty,"blue = 50, green = 30, purple = 50, yellow = 20",tensor([[0.0512]]),<m> purple = 30 </m>
2805,twenty purple block 's thirty,"blue = 50, green = 30, purple = 50, yellow = 30",tensor([[0.0531]]),<m> purple = 30 </m>
2806,twenty purple block 's thirty,"blue = 50, green = 30, purple = 50, yellow = 40",tensor([[0.0588]]),<m> purple = 30 </m>
2807,twenty purple block 's thirty,"blue = 50, green = 30, purple = 50, yellow = 50",tensor([[0.0530]]),<m> purple = 30 </m>
2808,twenty purple block 's thirty,"blue = 50, green = 40, purple = 10, yellow = 20",tensor([[0.0483]]),<m> purple = 30 </m>
2809,twenty purple block 's thirty,"blue = 50, green = 40, purple = 10, yellow = 30",tensor([[0.0515]]),<m> purple = 30 </m>
2810,twenty purple block 's thirty,"blue = 50, green = 40, purple = 20, yellow = 10",tensor([[0.0461]]),<m> purple = 30 </m>
2811,twenty purple block 's thirty,"blue = 50, green = 40, purple = 20, yellow = 20",tensor([[0.0474]]),<m> purple = 30 </m>
2812,twenty purple block 's thirty,"blue = 50, green = 40, purple = 20, yellow = 30",tensor([[0.0475]]),<m> purple = 30 </m>
2813,twenty purple block 's thirty,"blue = 50, green = 40, purple = 20, yellow = 40",tensor([[0.0381]]),<m> purple = 30 </m>
2814,twenty purple block 's thirty,"blue = 50, green = 40, purple = 20, yellow = 50",tensor([[0.0451]]),<m> purple = 30 </m>
2815,twenty purple block 's thirty,"blue = 50, green = 40, purple = 30, yellow = 10",tensor([[0.0572]]),<m> purple = 30 </m>
2816,twenty purple block 's thirty,"blue = 50, green = 40, purple = 30, yellow = 20",tensor([[0.0483]]),<m> purple = 30 </m>
2817,twenty purple block 's thirty,"blue = 50, green = 40, purple = 30, yellow = 30",tensor([[0.0526]]),<m> purple = 30 </m>
2818,twenty purple block 's thirty,"blue = 50, green = 40, purple = 30, yellow = 40",tensor([[0.0514]]),<m> purple = 30 </m>
2819,twenty purple block 's thirty,"blue = 50, green = 40, purple = 30, yellow = 50",tensor([[0.0560]]),<m> purple = 30 </m>
2820,twenty purple block 's thirty,"blue = 50, green = 40, purple = 40, yellow = 20",tensor([[0.0566]]),<m> purple = 30 </m>
2821,twenty purple block 's thirty,"blue = 50, green = 40, purple = 40, yellow = 30",tensor([[0.0510]]),<m> purple = 30 </m>
2822,twenty purple block 's thirty,"blue = 50, green = 40, purple = 50, yellow = 20",tensor([[0.0504]]),<m> purple = 30 </m>
2823,twenty purple block 's thirty,"blue = 50, green = 40, purple = 50, yellow = 30",tensor([[0.0465]]),<m> purple = 30 </m>
2824,twenty purple block 's thirty,"blue = 50, green = 50, purple = 10, yellow = 20",tensor([[0.0428]]),<m> purple = 30 </m>
2825,twenty purple block 's thirty,"blue = 50, green = 50, purple = 10, yellow = 30",tensor([[0.0412]]),<m> purple = 30 </m>
2826,twenty purple block 's thirty,"blue = 50, green = 50, purple = 20, yellow = 10",tensor([[0.0504]]),<m> purple = 30 </m>
2827,twenty purple block 's thirty,"blue = 50, green = 50, purple = 20, yellow = 20",tensor([[0.0408]]),<m> purple = 30 </m>
2828,twenty purple block 's thirty,"blue = 50, green = 50, purple = 20, yellow = 30",tensor([[0.0476]]),<m> purple = 30 </m>
2829,twenty purple block 's thirty,"blue = 50, green = 50, purple = 20, yellow = 40",tensor([[0.0441]]),<m> purple = 30 </m>
2830,twenty purple block 's thirty,"blue = 50, green = 50, purple = 20, yellow = 50",tensor([[0.0431]]),<m> purple = 30 </m>
2831,twenty purple block 's thirty,"blue = 50, green = 50, purple = 30, yellow = 10",tensor([[0.0517]]),<m> purple = 30 </m>
2832,twenty purple block 's thirty,"blue = 50, green = 50, purple = 30, yellow = 20",tensor([[0.0465]]),<m> purple = 30 </m>
2833,twenty purple block 's thirty,"blue = 50, green = 50, purple = 30, yellow = 30",tensor([[0.0467]]),<m> purple = 30 </m>
2834,twenty purple block 's thirty,"blue = 50, green = 50, purple = 30, yellow = 40",tensor([[0.0453]]),<m> purple = 30 </m>
2835,twenty purple block 's thirty,"blue = 50, green = 50, purple = 30, yellow = 50",tensor([[0.0491]]),<m> purple = 30 </m>
2836,twenty purple block 's thirty,"blue = 50, green = 50, purple = 40, yellow = 20",tensor([[0.0399]]),<m> purple = 30 </m>
2837,twenty purple block 's thirty,"blue = 50, green = 50, purple = 40, yellow = 30",tensor([[0.0467]]),<m> purple = 30 </m>
2838,twenty purple block 's thirty,"blue = 50, green = 50, purple = 50, yellow = 20",tensor([[0.0512]]),<m> purple = 30 </m>
2839,twenty purple block 's thirty,"blue = 50, green = 50, purple = 50, yellow = 30",tensor([[0.0428]]),<m> purple = 30 </m>
2840,oh yellow block 's forty,yellow = 40,tensor([[0.7607]]),<m> yellow > 40 </m>
2841,oh yellow block 's forty,yellow != 40,tensor([[0.2790]]),<m> yellow > 40 </m>
2842,oh yellow block 's forty,yellow < 40,tensor([[0.0616]]),<m> yellow > 40 </m>
2843,oh yellow block 's forty,yellow > 40,tensor([[0.0939]]),<m> yellow > 40 </m>
2844,But n't less fifty actually,red = 50,tensor([[0.5042]]),<m> yellow > 50 </m>
2845,But n't less fifty actually,red != 50,tensor([[0.2637]]),<m> yellow > 50 </m>
2846,But n't less fifty actually,red < 50,tensor([[0.1158]]),<m> yellow > 50 </m>
2847,But n't less fifty actually,red > 50,tensor([[0.3118]]),<m> yellow > 50 </m>
2848,But n't less fifty actually,blue = 50,tensor([[0.5768]]),<m> yellow > 50 </m>
2849,But n't less fifty actually,blue != 50,tensor([[0.2010]]),<m> yellow > 50 </m>
2850,But n't less fifty actually,blue < 50,tensor([[0.1158]]),<m> yellow > 50 </m>
2851,But n't less fifty actually,blue > 50,tensor([[0.3171]]),<m> yellow > 50 </m>
2852,But n't less fifty actually,green = 50,tensor([[0.5201]]),<m> yellow > 50 </m>
2853,But n't less fifty actually,green != 50,tensor([[0.1903]]),<m> yellow > 50 </m>
2854,But n't less fifty actually,green < 50,tensor([[0.1171]]),<m> yellow > 50 </m>
2855,But n't less fifty actually,green > 50,tensor([[0.5403]]),<m> yellow > 50 </m>
2856,But n't less fifty actually,purple = 50,tensor([[0.4921]]),<m> yellow > 50 </m>
2857,But n't less fifty actually,purple != 50,tensor([[0.2114]]),<m> yellow > 50 </m>
2858,But n't less fifty actually,purple < 50,tensor([[0.1012]]),<m> yellow > 50 </m>
2859,But n't less fifty actually,purple > 50,tensor([[0.2980]]),<m> yellow > 50 </m>
2860,But n't less fifty actually,yellow = 50,tensor([[0.5336]]),<m> yellow > 50 </m>
2861,But n't less fifty actually,yellow != 50,tensor([[0.2182]]),<m> yellow > 50 </m>
2862,But n't less fifty actually,yellow < 50,tensor([[0.1252]]),<m> yellow > 50 </m>
2863,But n't less fifty actually,yellow > 50,tensor([[0.3104]]),<m> yellow > 50 </m>
2864,But n't less fifty actually,"blue = 50, green = 50, red = 50",tensor([[0.0717]]),<m> yellow > 50 </m>
2865,But n't less fifty actually,"blue = 50, purple = 50, red = 50",tensor([[0.0585]]),<m> yellow > 50 </m>
2866,But n't less fifty actually,"blue = 50, red = 50, yellow = 50",tensor([[0.0714]]),<m> yellow > 50 </m>
2867,But n't less fifty actually,"green = 50, purple = 50, red = 50",tensor([[0.0566]]),<m> yellow > 50 </m>
2868,But n't less fifty actually,"green = 50, red = 50, yellow = 50",tensor([[0.0640]]),<m> yellow > 50 </m>
2869,But n't less fifty actually,"purple = 50, red = 50, yellow = 50",tensor([[0.0600]]),<m> yellow > 50 </m>
2870,But n't less fifty actually,"blue = 50, green = 50, purple = 50",tensor([[0.0612]]),<m> yellow > 50 </m>
2871,But n't less fifty actually,"blue = 50, green = 50, yellow = 50",tensor([[0.0607]]),<m> yellow > 50 </m>
2872,But n't less fifty actually,"blue = 50, purple = 50, yellow = 50",tensor([[0.0509]]),<m> yellow > 50 </m>
2873,But n't less fifty actually,"green = 50, purple = 50, yellow = 50",tensor([[0.0483]]),<m> yellow > 50 </m>
2874,But n't less fifty actually,"blue = 50, red = 50",tensor([[0.4824]]),<m> yellow > 50 </m>
2875,But n't less fifty actually,"green = 50, red = 50",tensor([[0.5234]]),<m> yellow > 50 </m>
2876,But n't less fifty actually,"purple = 50, red = 50",tensor([[0.4058]]),<m> yellow > 50 </m>
2877,But n't less fifty actually,"red = 50, yellow = 50",tensor([[0.3786]]),<m> yellow > 50 </m>
2878,But n't less fifty actually,"blue = 50, green = 50",tensor([[0.4261]]),<m> yellow > 50 </m>
2879,But n't less fifty actually,"blue = 50, purple = 50",tensor([[0.4265]]),<m> yellow > 50 </m>
2880,But n't less fifty actually,"blue = 50, yellow = 50",tensor([[0.4136]]),<m> yellow > 50 </m>
2881,But n't less fifty actually,"green = 50, purple = 50",tensor([[0.3813]]),<m> yellow > 50 </m>
2882,But n't less fifty actually,"green = 50, yellow = 50",tensor([[0.3829]]),<m> yellow > 50 </m>
2883,But n't less fifty actually,"purple = 50, yellow = 50",tensor([[0.3099]]),<m> yellow > 50 </m>
2884,But n't less fifty actually,"blue = 50, green = 50, purple = 50, red = 50",tensor([[0.0488]]),<m> yellow > 50 </m>
2885,But n't less fifty actually,"blue = 50, green = 50, red = 50, yellow = 50",tensor([[0.0506]]),<m> yellow > 50 </m>
2886,But n't less fifty actually,"blue = 50, purple = 50, red = 50, yellow = 50",tensor([[0.0533]]),<m> yellow > 50 </m>
2887,But n't less fifty actually,"green = 50, purple = 50, red = 50, yellow = 50",tensor([[0.0613]]),<m> yellow > 50 </m>
2888,But n't less fifty actually,"blue = 50, green = 50, purple = 50, yellow = 50",tensor([[0.0456]]),<m> yellow > 50 </m>
2889,Fifty heavy,red = 50,tensor([[0.8914]]),<m> yellow < 50 </m>
2890,Fifty heavy,red != 50,tensor([[0.3457]]),<m> yellow < 50 </m>
2891,Fifty heavy,red < 50,tensor([[0.2371]]),<m> yellow < 50 </m>
2892,Fifty heavy,red > 50,tensor([[0.6714]]),<m> yellow < 50 </m>
2893,Fifty heavy,blue = 50,tensor([[0.6687]]),<m> yellow < 50 </m>
2894,Fifty heavy,blue != 50,tensor([[0.3048]]),<m> yellow < 50 </m>
2895,Fifty heavy,blue < 50,tensor([[0.2717]]),<m> yellow < 50 </m>
2896,Fifty heavy,blue > 50,tensor([[0.6376]]),<m> yellow < 50 </m>
2897,Fifty heavy,green = 50,tensor([[0.9460]]),<m> yellow < 50 </m>
2898,Fifty heavy,green != 50,tensor([[0.3264]]),<m> yellow < 50 </m>
2899,Fifty heavy,green < 50,tensor([[0.5591]]),<m> yellow < 50 </m>
2900,Fifty heavy,green > 50,tensor([[0.6859]]),<m> yellow < 50 </m>
2901,Fifty heavy,purple = 50,tensor([[0.8054]]),<m> yellow < 50 </m>
2902,Fifty heavy,purple != 50,tensor([[0.3264]]),<m> yellow < 50 </m>
2903,Fifty heavy,purple < 50,tensor([[0.2746]]),<m> yellow < 50 </m>
2904,Fifty heavy,purple > 50,tensor([[0.6175]]),<m> yellow < 50 </m>
2905,Fifty heavy,yellow = 50,tensor([[0.9515]]),<m> yellow < 50 </m>
2906,Fifty heavy,yellow != 50,tensor([[0.3334]]),<m> yellow < 50 </m>
2907,Fifty heavy,yellow < 50,tensor([[0.6327]]),<m> yellow < 50 </m>
2908,Fifty heavy,yellow > 50,tensor([[0.6738]]),<m> yellow < 50 </m>
2909,Fifty heavy,"blue = 50, green = 50, red = 50",tensor([[0.2551]]),<m> yellow < 50 </m>
2910,Fifty heavy,"blue = 50, purple = 50, red = 50",tensor([[0.2371]]),<m> yellow < 50 </m>
2911,Fifty heavy,"blue = 50, red = 50, yellow = 50",tensor([[0.2514]]),<m> yellow < 50 </m>
2912,Fifty heavy,"green = 50, purple = 50, red = 50",tensor([[0.2714]]),<m> yellow < 50 </m>
2913,Fifty heavy,"green = 50, red = 50, yellow = 50",tensor([[0.2549]]),<m> yellow < 50 </m>
2914,Fifty heavy,"purple = 50, red = 50, yellow = 50",tensor([[0.1904]]),<m> yellow < 50 </m>
2915,Fifty heavy,"blue = 50, green = 50, purple = 50",tensor([[0.1718]]),<m> yellow < 50 </m>
2916,Fifty heavy,"blue = 50, green = 50, yellow = 50",tensor([[0.1473]]),<m> yellow < 50 </m>
2917,Fifty heavy,"blue = 50, purple = 50, yellow = 50",tensor([[0.1617]]),<m> yellow < 50 </m>
2918,Fifty heavy,"green = 50, purple = 50, yellow = 50",tensor([[0.1619]]),<m> yellow < 50 </m>
2919,Fifty heavy,"blue = 50, red = 50",tensor([[0.3385]]),<m> yellow < 50 </m>
2920,Fifty heavy,"green = 50, red = 50",tensor([[0.3719]]),<m> yellow < 50 </m>
2921,Fifty heavy,"purple = 50, red = 50",tensor([[0.3462]]),<m> yellow < 50 </m>
2922,Fifty heavy,"red = 50, yellow = 50",tensor([[0.4585]]),<m> yellow < 50 </m>
2923,Fifty heavy,"blue = 50, green = 50",tensor([[0.3469]]),<m> yellow < 50 </m>
2924,Fifty heavy,"blue = 50, purple = 50",tensor([[0.3104]]),<m> yellow < 50 </m>
2925,Fifty heavy,"blue = 50, yellow = 50",tensor([[0.3611]]),<m> yellow < 50 </m>
2926,Fifty heavy,"green = 50, purple = 50",tensor([[0.3067]]),<m> yellow < 50 </m>
2927,Fifty heavy,"green = 50, yellow = 50",tensor([[0.3123]]),<m> yellow < 50 </m>
2928,Fifty heavy,"purple = 50, yellow = 50",tensor([[0.3334]]),<m> yellow < 50 </m>
2929,Fifty heavy,"blue = 50, green = 50, purple = 50, red = 50",tensor([[0.0620]]),<m> yellow < 50 </m>
2930,Fifty heavy,"blue = 50, green = 50, red = 50, yellow = 50",tensor([[0.0632]]),<m> yellow < 50 </m>
2931,Fifty heavy,"blue = 50, purple = 50, red = 50, yellow = 50",tensor([[0.0628]]),<m> yellow < 50 </m>
2932,Fifty heavy,"green = 50, purple = 50, red = 50, yellow = 50",tensor([[0.0604]]),<m> yellow < 50 </m>
2933,Fifty heavy,"blue = 50, green = 50, purple = 50, yellow = 50",tensor([[0.0581]]),<m> yellow < 50 </m>
2934,yellow block 's forty one,yellow = 40,tensor([[0.7700]]),<m> yellow = 40 </m>
2935,yellow block 's forty one,yellow != 40,tensor([[0.1689]]),<m> yellow = 40 </m>
2936,yellow block 's forty one,yellow < 40,tensor([[0.0541]]),<m> yellow = 40 </m>
2937,yellow block 's forty one,yellow > 40,tensor([[0.0586]]),<m> yellow = 40 </m>
2938,yellow block 's probably meant fifty placed differently,yellow = 50,tensor([[0.6400]]),<m> yellow = 50 </m>
2939,yellow block 's probably meant fifty placed differently,yellow != 50,tensor([[0.2236]]),<m> yellow = 50 </m>
2940,yellow block 's probably meant fifty placed differently,yellow < 50,tensor([[0.5963]]),<m> yellow = 50 </m>
2941,yellow block 's probably meant fifty placed differently,yellow > 50,tensor([[0.5850]]),<m> yellow = 50 </m>
